-3.371610111989737197e+04 8.694092441542445158e+04 -4.166235473111972533e+04 -1.173289593069583498e+04 -9.673983028038892371e+03 8.702400748138756899e+04 -1.222108175330750964e+04 8.734132740776053106e+04 1.655975692090436496e+04 -1.301194038951655675e+05 -1.424095010414675198e+04 1.303979675429386134e+03 1.526542501833334245e+04 2.435093804101690330e+04 -1.268000435980630864e+05 -1.399074278475272422e+03 -2.564887466120861791e+04 -8.742331824579763634e+03 -1.002379871199980698e+04 -9.306729460808935983e+03 1.701433432383879699e+04 -1.983108019361600600e+04 -2.028916742528558098e+04 1.219243393831399317e+03 7.676702555612174365e+03 -1.372723020581656892e+05 -1.013749073759818275e+05 5.457553282265064809e+03 -2.105701087945655308e+04 -2.291795209729999624e+04 5.238429912751352094e+04 -2.413674186079904757e+04 -1.789070563166614011e+04 2.240776928624136417e+04 -2.821709706988583639e+04 1.878152076526589371e+04 -9.434598411973121983e+03 -8.109969077687265781e+03 1.650974623831433291e+03 8.842328798869809543e+04 1.098938988800018706e+04 -1.208207141548909567e+04 -1.520905770022936485e+04 4.162120162554641865e+04 8.660069958616977965e+04 -1.206795167945839785e+04 -4.726438671542729571e+04 -3.130100881426364504e+04 -4.745548314335969167e+02 -1.635392726454839431e+04 8.288655243708936905e+04 -5.664148682449038461e+04 -4.982058013440596369e+03 -8.759896133795649575e+01 -1.783207469801374100e+04 -2.964298371063012019e+04 3.605077317701510765e+04 2.596879189535274782e+04 -1.774654979860179446e+04 -3.028791722135760210e+04 -1.676959377443000994e+04 -1.228143390451649029e+05 -1.179579944467821915e+05 1.997703187985390105e+04 2.938862936305485346e+04 -4.333089682636738144e+04 -4.442033588064673677e+04 -6.821036643923746851e+03 8.467089366065782087e+03 2.655523104210614838e+04 -2.138218642182045005e+04 7.378278298307654950e+03 8.014954442263206874e+04 -9.830103853387314302e+03 5.907007463634458873e+03 -5.020347107641051844e+04 6.605313685731029545e+04 -1.516841232715688966e+04 7.338945089420748445e+03 -7.761776365544202235e+03 8.918229797670057451e+04 -1.527187486510679446e+04 -1.524804915089302085e+04 4.146244850732244231e+04 1.269753747613213636e+04 4.144523339210522863e+03 -1.766137748899708822e+04 -1.801351903624415718e+04 2.714141577566086926e+04 -9.634149869525361282e+03 4.584976672129330836e+04 8.789759972134859709e+04 -4.130019092469501629e+04 3.858231294875636377e+04 2.520981360074363329e+04 -8.465900975100252253e+03 5.466134013015588425e+04 3.303689316081626021e+04 6.309097142056349412e+02 1.836437703114721103e+02
8.694092441542445158e+04 5.473895534531170597e+03 3.942929760936272942e+04 4.799027230337706897e+03 6.763220452882794234e+03 -3.227199900217007234e+04 8.286662365444723264e+02 -1.483466888768926583e+04 -1.062992948532875016e+04 7.296419668754188751e+04 2.060408577744893410e+04 2.328033881664879300e+04 -3.496177301534477010e+04 8.569948865845544788e+03 -2.825154071204506181e+04 9.820940022751128708e+04 -2.646858579545423709e+04 -1.254915205320485256e+04 -4.354141535458366707e+04 -1.413071593742959521e+04 2.716504568539790489e+04 -2.088462219127665594e+04 5.581732765756359004e+04 -9.830270262078869564e+03 -2.799426549879114464e+04 -5.236533736126150325e+04 2.440671213449582137e+04 -1.644457867781214736e+04 7.490263008032712833e+02 2.198537685994662024e+04 -3.410519382363885961e+04 -1.324595147611715220e+04 4.141413837930418231e+04 -5.929122067000672541e+04 8.116925322356147262e+03 -3.699802376087221637e+04 -4.676553577193643287e+04 -2.735432751245822146e+04 7.937545881052872573e+04 -9.527357641852948291e+03 2.830869356410994806e+04 1.039191288758486189e+04 -9.347626497929471952e+03 -1.325059905587908702e+02 2.711880856161981501e+04 -2.800796160022941308e+02 -2.015021068089969776e+04 9.028392083210124110e+04 -4.271006770279842749e+04 -5.648740947355169192e+04 9.998110773262938892e+04 -9.648484288397732598e+03 -1.311062212911576353e+04 3.878961294984889264e+03 -2.490249157400357490e+03 -1.701275415668778442e+04 2.327556930104128696e+04 -1.527739700105998054e+04 4.013605086196658249e+03 8.460447941731660103e+04 -6.164562330578851834e+04 9.752340812651884335e+03 -2.454576662926145218e+04 8.202462514833219757e+04 2.488081362119547703e+04 -7.997836666641312149e+03 -5.029402155007722286e+03 5.634050889634040686e+03 4.309422859972387232e+04 -1.408774307377103105e+04 6.134809531637651526e+04 -2.825920841337393358e+04 -1.044517886380806885e+04 2.107501605019417639e+03 4.273424618252066466e+03 -3.801144614746349816e+03 5.952229030728943326e+04 -1.368728036735046044e+04 -1.244896789618606999e+04 -1.079892621605798922e+04 -9.258145143109861237e+03 -1.100215105937749468e+04 2.516482184980508919e+03 4.349950808058350958e+04 2.436230444102033653e+04 5.637278637448770496e+03 -3.487928958459968999e+04 2.986238855570999021e+03 4.221699919056592080e+03 -1.522182027310088597e+04 3.286544714376774664e+03 -1.786446413819633744e+04 -2.355070078938666120e+04 1.981233519112107024e+04 1.763288415497772075e+04 1.894465350865244545e+04 3.287836367093210720e+04 5.933816362732646667e+04 1.175028277685351350e+04 -2.772547359854567185e+04
-4.166235473111972533e+04 3.942929760936272942e+04 -5.652462378533095762e+04 -1.472808991038196109e+04 -1.201030146255299769e+04 -4.494808414262302540e+04 -1.212493015995391033e+04 -1.644564071830690227e+04 -3.033332263865906134e+04 -4.481578670317448996e+04 9.029427085277136939e+03 -2.136062430213906191e+04 2.680290328336365201e+04 5.821683084228751795e+03 -3.871042410004280828e+04 -4.590015090320401214e+04 -4.218425398211881839e+04 -1.638513640989318810e+04 -1.500103940886773489e+04 -1.186354712311879121e+04 -4.778199953237131558e+04 -5.865457971762421039e+03 -1.255293518789068185e+04 -1.619048757785141788e+04 2.218878072023808636e+04 5.147510234726404451e+04 -9.545778092383894545e+03 -1.641329167013943515e+04 -3.319512961981773697e+04 3.517487282820490236e+03 8.141831411486676370e+04 -1.403259008858494781e+04 1.978535625705912389e+04 -2.093688676979411866e+03 -4.288346935459438100e+04 2.024275801408148982e+04 9.650360264885424112e+04 -3.251078716821179114e+04 -5.049972882613122783e+04 -4.910680594351843320e+04 1.402745238175031409e+04 -4.785555172167860292e+04 -1.212526449392319046e+04 -2.989207716167301260e+04 2.382108949632614531e+04 -1.794316601115979574e+04 -3.338537575230889342e+04 1.874731398629395335e+04 -1.114464072773747466e+04 9.422635351389458810e+04 2.248394437932267465e+04 -1.225433296310298465e+04 5.065783762746003958e+03 -4.985475031022496842e+04 -1.304565437343672238e+04 7.900586590232772323e+03 2.279288749285486574e+03 2.899085204998475547e+03 2.810736130479581334e+04 1.275818270876629140e+04 -3.220960745517492614e+04 -3.420080641327008925e+04 -5.220039221355088375e+04 -7.499829993750134599e+04 -2.916315509495812421e+03 -2.751786695605472050e+04 -2.194504397603079997e+04 -1.672002550422355853e+04 -2.349284189447227254e+04 4.703964044962523076e+03 -5.110517593087211571e+04 -1.698688354576520942e+04 7.988858658808654582e+04 2.103921378989189543e+04 3.806651181394418381e+04 -2.493657340490959905e+04 -7.694087568282636312e+03 -1.624611799400441669e+04 8.468390085110884684e+03 6.115646965377961897e+04 -1.547747535315111600e+04 5.992512686262091302e+04 7.725806446098162269e+04 3.147228283201691374e+04 -1.217547843750149332e+04 -4.863726948592581175e+04 -1.455882031366557203e+04 -1.268684956441030226e+04 -1.180427819215461932e+04 2.562092540412626840e+04 4.170122607895357214e+04 -4.914008397339612566e+04 9.179651530923765677e+03 5.508857398137680866e+04 -1.162599128943078540e+04 -3.373502499666206859e+04 -4.757702544338584266e+04 6.219365143141520821e+04 -1.236024511606946908e+04 7.453807581201753055e+04
-1.173289593069583498e+04 4.799027230337706897e+03 -1.472808991038196109e+04 -8.463351668407073885e+04 2.211855292481414654e+04 5.973720452668888174e+04 2.130064236948124744e+04 -4.272252501582566038e+04 -1.020807255059878662e+04 -1.472019218714490853e+04 1.946185663924224355e+04 -1.577668469019189797e+04 -3.229145852391447261e+04 9.594510658964932372e+04 -1.432976215095028601e+04 -7.313233357123311862e+02 -1.637459061673052929e+04 -4.420638919678542152e+04 -4.998881532746206358e+04 -1.718004349757314048e+04 -1.248953421013385378e+04 -2.097781670338057302e+04 -4.776923009015086427e+04 -9.727721040190685017e+03 -1.000498965650566242e+04 8.395060408216413634e+03 3.602576374377540924e+04 -1.141520696324996970e+04 1.893441244833029486e+04 9.882041939380091208e+03 -1.789953000322871230e+04 2.147249823302633740e+04 2.409728133246463403e+04 -5.676761115875609539e+04 2.530831683961905219e+04 -3.302186731081108883e+04 -1.048123518652797065e+04 -1.385903231745541416e+04 -9.635869086423444969e+03 -1.115189951808519982e+04 -9.287784385269762424e+03 -6.349413626586573628e+03 -1.286268998336002551e+04 -1.547217281009212456e+04 -2.628539329823690787e+04 -4.933309464393395319e+04 -1.456378641339719616e+04 1.935534406285777368e+04 -1.679676399698995374e+04 -1.678786587223179959e+04 2.932362247732698597e+04 -1.645277753179848514e+04 2.000783692033260741e+04 -1.006124210827939532e+04 -1.497562498881437205e+04 -2.784858710720043018e+04 1.764481702256247081e+04 1.194576780996961588e+03 -1.558724528585329972e+04 -5.317742682581536792e+04 -1.839208165755451046e+04 -2.192491879631534539e+04 -2.011585580537610076e+04 6.200060166410846250e+03 2.570353019743270852e+04 -1.732116814328685723e+04 -1.567208822667181812e+04 -1.678044493635140680e+04 2.612034624698988773e+04 1.723298105987392046e+04 5.946506436376271449e+04 -4.514091700318481162e+04 -1.250902860929213784e+04 -1.687454534397043608e+04 -2.410519159951761685e+04 -1.735057322837367974e+04 -9.283888176669854147e+03 -1.627730181550935231e+04 -6.664848905426936653e+03 -1.124260740171514772e+04 -7.152915483623298314e+03 -5.033213605951073077e+03 -1.346854049161404691e+04 8.191993548189965622e+03 6.234979422480471112e+04 -7.523417638560312298e+03 1.553063971903219499e+04 -1.515343263613201998e+04 4.630393018326393940e+04 -1.566015477043532155e+04 -4.704020433723137103e+04 -5.183954348035857402e+04 3.180748792500838317e+04 5.331812491893512743e+03 1.699657006812140025e+04 -1.328590873213067971e+04 4.683350812014003895e+04 4.523595364295875333e+04 -1.537032326630831085e+04 4.806027323350755069e+03
-9.673983028038892371e+03 6.763220452882794234e+03 -1.201030146255299769e+04 2.211855292481414654e+04 -1.218480847592562895e+04 -5.041950772166580282e+04 -1.075018136194490216e+04 2.529773051796711661e+04 -1.230565688604328170e+04 -1.303521348459601722e+04 -1.554223049163773976e+04 9.986655355098283326e+04 -5.226975595102670923e+04 3.931078181066780962e+04 -6.593387312064532307e+04 5.539996466547969476e+02 -1.437776482610918902e+04 -1.433740724766396306e+04 2.151705378721512534e+04 7.791032071416637336e+04 -4.583181620224404469e+04 -1.062970622707859002e+04 2.303807929384566523e+04 -1.181373386612676404e+04 -1.415237597074129008e+04 8.118239977309925052e+03 -1.686137466612297430e+04 -1.088456689189702593e+04 -4.720762587545465067e+04 -1.010244748676151357e+04 -1.701781245805837534e+04 -5.071641233693363574e+03 4.305756778668356674e+03 1.906256858804447620e+04 -1.457762569736714795e+04 -5.115355648519310489e+04 -1.055945515589930437e+04 2.392734202044315316e+04 -4.134511615216198697e+04 -4.281743645538228884e+04 2.082002482727959432e+04 -2.198146828978464328e+04 -1.191632567715414189e+04 -1.567516174028769456e+04 6.206722790740474738e+04 2.601090471999950387e+04 -4.809257568848717347e+04 -9.126284877061400039e+03 -5.045203305900494888e+04 -1.786586963893987559e+04 3.865113987938013906e+03 3.174548599778187508e+03 -1.199319705394238554e+04 -7.408546971402617601e+03 -1.792581289865404688e+04 -5.073736838042202726e+04 -1.436903956250499323e+04 1.664471313415698387e+04 -1.637531114541694842e+04 -5.385040286308668874e+04 -1.299227422168806515e+04 -7.786484340685632333e+02 -5.129650441741782561e+04 4.462609894605397858e+04 9.750253623303024506e+04 -1.354565465046607278e+04 -4.908723471078576949e+03 1.796185562865294196e+04 -6.539714464659126861e+03 4.143316197171551721e+03 -8.577214435614201648e+03 2.271217329958311893e+04 -9.681592273231151921e+03 -1.658908407488979719e+04 -2.557700377231233142e+04 -1.794166774851039372e+04 -1.036092138770364545e+04 -1.765899141395047627e+04 4.085685488773740508e+04 -9.763804374394494516e+03 -1.105172628126249037e+04 -1.239844059244498931e+04 -1.287382264189564012e+04 5.495617615907497384e+04 6.671275991810930464e+03 -1.108491615915626608e+04 4.275921347707954737e+03 -1.928733297817923449e+04 1.403202452602281846e+04 -1.648375677446976624e+04 -1.362710810526229761e+04 -1.917132190141968749e+04 2.904133163148022868e+04 9.483504323636785557e+04 -1.286318144655066862e+04 2.354116092271960952e+04 -4.084802872833751462e+04 -4.894706111712150596e+04 -1.134359260772683047e+04 -1.234332760988876544e+04
8.702400748138756899e+04 -3.227199900217007234e+04 -4.494808414262302540e+04 5.973720452668888174e+04 -5.041950772166580282e+04 1.206011260786242347e+05 -1.622503960490741156e+04 6.043529996034314536e+04 2.616716123780466296e+04 2.876622372812589674e+04 -1.073389376034356974e+04 5.786710047098433279e+04 7.367921427652052080e+04 2.134455508826903679e+04 2.537115117440557151e+04 5.015801451060173713e+04 3.652851937150580488e+04 -5.463722293107726000e+04 -1.515581784341626189e+04 -1.338627182542488299e+04 6.250815511348282598e+04 -3.091856974682726286e+04 -1.294701300224058650e+04 5.897863702239466511e+04 -1.564980151595689676e+04 4.774669077901726268e+04 -1.245479794507056795e+04 5.899028194846769475e+04 -3.279768536064543150e+04 -1.731553945184640907e+04 4.179368842279163800e+04 -1.454069952128038130e+04 -3.141814336272727087e+04 -1.619701821906511441e+03 7.489156266922575924e+03 8.420961445515787636e+04 -1.593068212773979030e+04 -1.593442549818523548e+04 6.199797643305731617e+04 5.806020112595518731e+04 -2.547570994926083222e+04 -3.609758894706286810e+04 6.011895542616767489e+04 -4.298258021027736686e+04 2.423382667683481850e+04 -9.626833260761130077e+03 -2.255867059660472296e+04 -4.935964937889904104e+04 -1.067673499367714248e+04 -1.427670986199520848e+04 -1.297620171833552740e+04 -1.373216557245284639e+04 -1.617921546561226569e+04 5.940378950577599608e+04 -1.803257808691405080e+04 -1.661630052901015006e+04 -1.815820331226058624e+04 1.939687478468425252e+04 -1.248361695493154548e+04 2.315302119561096697e+04 -3.107836066438399575e+04 -5.193412280132390879e+04 -4.838302251498543046e+04 2.854382835145339050e+04 2.510199947529889323e+04 -4.807453919700302504e+04 -1.903719467374824308e+04 -1.514832903390705906e+04 2.461631832722618856e+04 -1.038734187480949186e+04 3.855748657123556040e+04 -1.541377762366228126e+04 6.278196892014702462e+04 -1.932174646725088678e+04 4.195044484731925331e+04 -3.191031070592955075e+04 -2.917772991746219759e+03 -1.044251041913919471e+04 4.463724346476120445e+03 6.126233309935962461e+04 -1.652906332862891577e+04 4.580306146514413558e+04 5.950224843829495512e+04 2.616294143921740033e+04 2.560438007049493172e+04 6.218062411620838247e+04 8.372411993527038430e+04 -1.154387686509222112e+04 9.642020993162131344e+04 -1.417136833887689136e+04 6.119703218110276066e+04 6.049280240496618353e+04 2.428250371361195721e+04 5.956883744768542783e+03 -1.317756056893013738e+04 -1.759008223852470837e+04 5.968697824029249750e+04 4.708656697100398742e+04 6.130282756559734844e+04 4.325514615768192016e+04
-1.222108175330750964e+04 8.286662365444723264e+02 -1.212493015995391033e+04 2.130064236948124744e+04 -1.075018136194490216e+04 -1.622503960490741156e+04 -2.105416984081552073e+04 2.512784888732850231e+04 2.494991122410863318e+04 -3.901792415746974712e+03 -4.867330652117011027e+02 6.291625135288757883e+04 1.826172041848718800e+04 3.818664274400517024e+04 -6.497146506655614212e+04 -3.633295747987207847e+02 -1.420372584026635013e+04 5.383220274327506922e+04 2.517277547529197909e+04 2.160255772691078164e+04 -4.612015023721407488e+04 -1.762527421653785132e+04 2.470748257141232170e+04 -1.179677836606607161e+04 -1.240874525164954684e+04 -4.049701693426099496e+02 -9.239605520392091421e+03 -9.896026054422858579e+03 -1.598730222731225513e+04 5.946634404322577211e+03 -1.249643070201531373e+04 -9.657962074804607255e+03 -1.399067960807520285e+04 -5.287509697102897189e+04 -2.990327448715667560e+04 1.824044554903588869e+04 -9.503853599255460722e+03 2.313995367492779769e+04 -4.241327001005064085e+04 -4.360526907132032647e+04 2.566697072197727539e+04 -2.411556250289038144e+04 -1.199615404115386627e+04 -3.319847880600534700e+04 6.131761018082171358e+04 2.584667668840333499e+04 -5.042344566335554555e+04 -1.181109369154416345e+04 -4.855661273050892487e+04 -1.493270593148798071e+04 6.468454658352283332e+03 -4.753783735532897845e+04 -1.591744210037172161e+04 -7.529744787945898679e+03 -1.742718177336596273e+04 4.470471341796664092e+03 1.634626392598308303e+04 3.349468014579496958e+04 -1.623212304053597472e+04 -5.324190806592583976e+04 -1.646822434181489371e+04 -9.488875831919934853e+02 -6.373774811993192270e+04 9.087911415078920072e+02 1.184930416521373991e+05 6.206084123372656904e+04 -1.597945165410966001e+04 2.188995290635570564e+04 -6.700034840161236389e+03 3.685234307486235775e+04 -1.350374465714350663e+04 2.450320735728040017e+04 -1.179206118701167725e+04 -1.502048643004104815e+04 -2.162562539903402649e+04 -1.495992630277157150e+04 -9.449772330253872497e+03 -1.745719972732059978e+04 -1.419676603494796291e+04 -8.547595056676793320e+03 -1.075825708954550646e+04 -4.899450226466658023e+03 -1.161957587213583611e+04 -1.175936019990991190e+04 7.380280385280472728e+03 -1.069034125221476279e+04 -3.844688158955636754e+04 -1.670071535296134971e+04 4.834383522378511407e+04 -1.595580113457098923e+04 7.903793349182418024e+04 7.468974414079448616e+04 2.590861061092696764e+04 2.406176240932170913e+04 3.812119930286749877e+04 -8.944698059391485003e+03 -4.481882835870005511e+04 -4.830906906445093773e+04 -1.333574302538439952e+04 -1.323097033638462744e+04
8.734132740776053106e+04 -1.483466888768926583e+04 -1.644564071830690227e+04 -4.272252501582566038e+04 2.529773051796711661e+04 6.043529996034314536e+04 2.512784888732850231e+04 -8.801831475056013733e+04 -7.718332098374398811e+03 -2.504215662331089698e+04 -1.104094896111104026e+04 -2.991555086650911107e+04 -3.246439330283950403e+04 4.216036370757010445e+04 -2.391733508247465215e+04 -1.206105019982459908e+03 -1.514875465185523353e+04 -1.197863539491176925e+04 -4.787861407423789933e+04 -1.441534118182726525e+04 -2.589823809582295780e+03 -2.097909944594234548e+04 -4.763504722363527253e+04 -9.512701121674406750e+03 -1.026370384814359568e+04 -3.082693979490104084e+03 3.450214446346133627e+04 -1.153011013684749923e+04 -4.465517065043772891e+04 9.005870354790684360e+03 -1.789845168986499630e+04 2.523118873219422676e+04 5.654399068901359715e+04 -5.656359094117351196e+04 2.288563850415169873e+04 -3.189432454856883123e+04 -7.139809905968161729e+03 -1.470965653531767748e+04 -1.104380153194025479e+04 -9.118699418404627068e+03 -7.514109273329632742e+03 -7.501053262501510289e+03 -5.996636125966461805e+03 7.674986007128281926e+04 -2.086781707983675733e+04 -4.983601026182647183e+04 -1.426137885241352342e+04 9.121281415599024331e+04 -1.680627041877761803e+04 -1.733002672049545072e+04 2.709346882847368397e+04 5.985413399506805035e+03 1.845108091551296093e+04 -9.947761878907236678e+03 -1.798057000556543790e+04 -1.120712862910285912e+04 1.857994014808207430e+04 4.953143495960019209e+04 -1.844670452846728585e+04 -5.411762873031527124e+04 -1.511852648043029330e+04 -6.141161897597389725e+03 -2.270444585851162992e+04 5.702289311738429205e+03 -1.121499277236896887e+04 -1.479175524948492966e+04 -1.691599348200813256e+04 -1.414035954007648252e+04 2.367388893391795136e+04 -3.117017647266785934e+04 5.817843200431761943e+04 -4.505450475868794456e+04 -1.270230168529741786e+04 -1.559421927254975162e+04 -1.503824719107665442e+04 -1.606258885757766984e+04 -7.255868985803353098e+03 -1.547828612239986978e+04 2.492912515962540783e+04 -1.027917377956725977e+04 -7.636537867046447900e+03 -4.802052583511474040e+03 -6.472272307851838377e+03 9.036948657860724779e+03 6.570462926399566641e+04 -9.342766292146894557e+03 2.086818508898138680e+04 -1.782210825552001916e+04 3.124567721072815038e+04 -1.497067824641943298e+04 -4.831652591315798782e+04 -4.992195870135307632e+04 3.151608872660852649e+04 5.074094087669370310e+03 -2.990851629205818608e+04 -1.468492693704322301e+04 4.565130913228353165e+04 4.175777808908557199e+04 -5.722917315270306972e+03 -3.055857813579517369e+03
1.655975692090436496e+04 -1.062992948532875016e+04 -3.033332263865906134e+04 -1.020807255059878662e+04 -1.230565688604328170e+04 2.616716123780466296e+04 2.494991122410863318e+04 -7.718332098374398811e+03 5.582982547678002447e+04 -1.526712288478158735e+04 -9.904580868302167801e+03 3.330746880741764471e+04 5.781106969967528858e+04 2.232252288285989925e+04 -1.331501470784053527e+04 -3.039157879353898898e+04 -2.548419415347489849e+04 -4.692516919260311261e+04 -1.409490035457189515e+04 2.427723191533468344e+04 -1.014431300383645430e+04 -8.486351572093347204e+04 -1.353780569492678478e+04 -1.113931628151635960e+04 -1.220254776708993450e+04 1.196964535799853184e+04 2.659967861607415671e+03 -9.667983807666481880e+03 -4.802214080358508363e+04 -1.166336861830602720e+04 -2.706365835023510590e+04 2.163866804127998330e+04 2.675995564700265095e+04 -2.145526449713625334e+04 4.557143259977593698e+04 4.383469321303300239e+04 -9.114206476133571414e+03 2.512188350976302900e+04 -1.064500415971714392e+04 -1.069917137416477635e+04 2.684005098857891426e+04 6.719773551259634587e+03 3.260649350638918258e+04 -2.395772899331922963e+04 3.047261916043956444e+04 -1.737478482611875370e+04 -1.511107920306387678e+04 -1.784076969729319535e+04 2.908699892024181463e+04 -9.674745749550194887e+03 1.982621310374743916e+04 2.563783379015743412e+04 2.173408262045353331e+04 -9.648544148044915346e+03 -1.170851074849653378e+04 2.187499479309513845e+04 7.819012490369123952e+03 6.044689869293987431e+04 -2.056968341460104421e+04 -1.329520928832471691e+04 -1.397496685986060038e+04 8.621296662953194755e+03 -9.040125288465547783e+03 8.077086564177248511e+04 4.648001656906095013e+04 2.338561684067591705e+04 2.036295692531436362e+04 -8.864514040559784917e+03 3.080212566578735277e+04 5.357585490488491632e+04 -1.746453929743498884e+04 -1.152969301429602638e+04 -7.914148777673276527e+03 -7.489210440166550143e+03 -4.054164215732205048e+04 3.043736079122170486e+04 1.471081847121913597e+04 2.813700723138682224e+04 4.383290380161858775e+04 -1.123488515740285948e+04 -6.717637683088215454e+03 -9.219265728909776954e+03 -7.982851034367712600e+03 4.524995962236423657e+04 2.954362246991295979e+04 -1.177116556993897393e+04 1.343628537997416861e+05 -9.113093786236153392e+03 9.119823364648713323e+03 2.165483214760243573e+04 2.905171780764542200e+04 2.813150060291818954e+04 3.208693929666255281e+04 6.147913261884611711e+04 5.848800022125288524e+04 2.841200824840038695e+04 -8.725188977576348407e+03 -5.576928533060031441e+03 -7.814379718050616248e+03 3.101583649404391326e+04
-1.301194038951655675e+05 7.296419668754188751e+04 -4.481578670317448996e+04 -1.472019218714490853e+04 -1.303521348459601722e+04 2.876622372812589674e+04 -3.901792415746974712e+03 -2.504215662331089698e+04 -1.526712288478158735e+04 -3.677229871246874973e+04 -6.787102136298569349e+03 -4.920249787022846249e+03 2.275622222858339228e+04 2.921295073358758964e+04 -1.820913674011223338e+04 -4.100610102438765898e+04 -1.270804573607027851e+04 -5.166290315543815814e+04 -7.370702908668222335e+03 -6.430646349277559057e+04 -1.551177641087539814e+04 -3.695689300661117159e+04 -1.059039864940338157e+04 -1.281455426536642335e+04 -6.695303803884910849e+03 -1.173337190576920111e+05 -2.624863485826577380e+04 -1.181597485659972153e+04 -6.397793441650296882e+04 -1.161252878336005233e+04 4.418846055999396049e+04 -1.981682204017930053e+04 -3.867718518324221805e+04 -1.787413628013806374e+04 -3.518706964444324694e+04 1.754221360812194325e+04 -2.296166803687366610e+03 -9.885180994331392867e+03 -2.352421609646782599e+04 -2.341677238623008452e+04 -9.915054288845065457e+03 -1.248238622900599439e+05 -1.742295504957579396e+04 -4.109289096632182918e+04 -1.288703836505070649e+04 -1.307106774125390075e+04 -1.579397760271609150e+04 -3.625982456858598016e+04 -1.312357861064702593e+04 -1.277268223182998918e+04 3.114863632182103629e+03 -7.899187373829560784e+03 -4.046805829232114320e+03 -2.421016337255344115e+04 -1.292726214415535651e+04 -7.614976525451543239e+03 2.267550872640914895e+04 2.001347633270032384e+04 -1.322621554246686719e+04 3.559562999641334318e+04 -1.505259474280618451e+04 -1.218753745454063464e+05 -1.387781643136979837e+05 1.866571113949499704e+04 2.778706832544922509e+04 -4.315302562768340431e+04 7.512830559006890689e+04 -7.043605599451365379e+03 -4.416101678003768757e+04 2.252112836539417185e+04 5.272115074634363555e+04 -9.651121749057921988e+03 -1.861155201577164553e+04 -1.381363379588306270e+04 -1.755806160913549684e+04 -1.729877396265559219e+04 4.353676242168245517e+04 -1.019209008255556546e+04 -3.550897371414631925e+04 -1.420770626948356949e+04 -1.303131643600158714e+04 -7.333254160492520896e+04 -8.577339171880412323e+03 2.502963136630177178e+04 -2.523582098498496180e+03 -2.007083715096630476e+04 1.385143351325250842e+04 -1.521736765910826944e+04 2.262937091586783208e+04 -1.449054755211577140e+04 2.381764254192074804e+04 2.458784451678020923e+04 -4.421043411168756393e+03 -1.524757855876933172e+04 1.866026738454818405e+04 -1.803925791295573435e+04 2.975539990710465281e+04 -4.308498476587191544e+04 -1.903787505601860903e+04 -2.050361970803283475e+04
-1.424095010414675198e+04 2.060408577744893410e+04 9.029427085277136939e+03 1.946185663924224355e+04 -1.554223049163773976e+04 -1.073389376034356974e+04 -4.867330652117011027e+02 -1.104094896111104026e+04 -9.904580868302167801e+03 -6.787102136298569349e+03 1.282353972065537710e+04 -1.310536443039730511e+04 6.424995441128013226e+03 5.363695580694310047e+04 -9.024802176469493133e+03 -4.695213618111263349e+04 9.664537400824388897e+04 7.881823066996222769e+04 8.249774291985455648e+02 -3.364239113440017536e+04 -9.443959098603132588e+03 -9.468910212792012317e+03 5.077568734050241801e+03 -1.489232604052640818e+04 -1.625230696961611829e+04 -1.644649740690507315e+04 2.205056886786825635e+04 1.854957443899146892e+04 -3.800077300877079688e+04 -1.081244507146582328e+04 -2.407886065107725881e+04 6.871663025100502864e+02 -3.198443352006630903e+03 -3.455756756092191063e+04 7.306901195219231340e+03 7.281468564100748335e+04 -1.584760519671023212e+04 2.151889901533580996e+04 -1.465571761601746402e+04 -1.589247733712524496e+04 8.468741768029563536e+04 3.806144695584449096e+02 -1.200742597069733165e+04 -1.109158423440300248e+04 9.094330822035415622e+03 -4.390952413776444700e+03 -9.587662397468018753e+03 9.014959150358288025e+04 -1.606313636905283056e+04 5.831508174072017573e+04 9.688386217435447907e+04 4.326517959541154596e+03 -1.414801881688788853e+04 1.735306692134447076e+04 -4.869150853099326923e+04 6.745231448758838269e+03 -9.046347076460000380e+02 -1.469135502444233134e+04 -9.589388994896340591e+03 3.571002184353580378e+04 -6.079625262657392159e+04 2.772319001251689770e+04 -2.397033465381853603e+04 4.847262076355305180e+04 4.918504857891914980e+03 5.540452072988634609e+04 2.321177046882033028e+04 2.078549861053980567e+04 1.276133222165492043e+04 -1.636317361122767761e+04 -6.936665581006396678e+04 2.048466771760627307e+04 -1.453834045412719570e+04 -1.328666517922982894e+04 -2.353738899528190814e+04 -1.790947473151192389e+04 -2.464804380295078590e+04 -1.743196251467012189e+04 -1.048797198975111678e+04 -1.386703476596206747e+04 -1.434411704003580235e+04 -1.371723424480066024e+04 -1.228061674698025308e+04 3.964810377181924559e+04 5.246091154113856646e+03 1.847955986565209605e+04 1.022322276738330402e+04 2.670561500627033092e+04 2.103406436343162932e+04 -1.192948822362117789e+04 6.281225286024136039e+03 4.517453520987627599e+03 -4.537247747396330669e+04 4.053883743242893979e+04 2.065919435107007303e+04 1.910831139994084515e+04 -4.753115640724964760e+04 -4.681843455746166728e+04 -1.169615198473029159e+04 -8.595435401882532460e+03
1.303979675429386134e+03 2.328033881664879300e+04 -2.136062430213906191e+04 -1.577668469019189797e+04 9.986655355098283326e+04 5.786710047098433279e+04 6.291625135288757883e+04 -2.991555086650911107e+04 3.330746880741764471e+04 -4.920249787022846249e+03 -1.310536443039730511e+04 4.212406050709723786e+04 -1.226804543369661405e+04 5.823540935723527946e+04 -6.281832300509165361e+04 1.864108665939092316e+04 -2.221653179175548576e+04 -3.358263877793729625e+04 -1.280560298508175038e+04 1.870155964699086780e+03 7.690127966810462567e+03 -1.304951444052674196e+04 -1.199989864713654242e+04 7.898080816012805735e+04 5.515041768057716581e+03 -4.406369245124633744e+04 8.368391370231031033e+03 -1.481165778957076691e+04 5.380504716820640169e+04 3.563397142272886867e+03 -1.549167231639802776e+04 7.994149610068275069e+04 1.962850373452201165e+04 -1.969589330790706299e+04 1.849229941381558456e+04 -1.471365144782725110e+04 2.278190846224359848e+04 6.353969755659622751e+04 2.276710710457756795e+04 2.283328183480210282e+04 2.605959851374894060e+04 -1.522129029135706787e+03 8.049876127217894827e+04 -6.935277809092242387e+04 1.937291370035379805e+04 2.706227465316697635e+04 -3.627863502299997344e+04 5.685784255226140522e+04 1.708014002513584728e+03 -9.607293861988213166e+02 4.642601784608184971e+04 9.521661281664643184e+02 -3.196564113828840618e+03 -1.565074146550104342e+04 2.346793939553618111e+04 -1.372051003743291221e+04 1.330065771662488260e+04 -9.116285066118629766e+04 1.530844989262965555e+03 7.574956834058462118e+04 1.286427268886610545e+04 -9.381659574880752189e+03 -6.891875626263048616e+04 8.266536143921733310e+04 2.187431000579592819e+03 -3.181433168022732571e+04 -1.679724693847216986e+04 -2.055918904392376862e+04 6.052183218842602946e+04 1.404613111568100430e+04 1.720005725366666593e+04 1.481599669628563447e+02 2.525906667961038329e+04 3.704822988469597931e+03 -2.425257326161444507e+04 -1.629866248406797968e+04 6.624414770429067721e+04 -1.350811052461296640e+04 9.291369737054406141e+04 -1.515101754668869398e+04 -1.532698350740552269e+04 -9.452478494384813530e+03 7.435350399589610788e+03 2.747923279817190632e+04 1.001327035069539997e+05 -1.492227612411558948e+04 -3.584141106371607020e+04 -1.473961127219304763e+04 -7.188692283172415955e+03 3.599397156816420193e+03 9.670454701327717339e+04 -1.332929383513473294e+04 1.121167466606616654e+04 5.325660676702715136e+04 1.546754639376930572e+04 5.245517537607324812e+03 7.867508980238622462e+04 -1.547064296040825866e+04 6.421513540000168177e+03 9.712845684912499564e+03
1.526542501833334245e+04 -3.496177301534477010e+04 2.680290328336365201e+04 -3.229145852391447261e+04 -5.226975595102670923e+04 7.367921427652052080e+04 1.826172041848718800e+04 -3.246439330283950403e+04 5.781106969967528858e+04 2.275622222858339228e+04 6.424995441128013226e+03 -1.226804543369661405e+04 3.133804422456114844e+04 1.958108744616594777e+04 1.959994412359267153e+04 -1.400064046050819888e+04 -7.147898853243815211e+03 1.799405623193688371e+04 -3.526912680545660987e+04 -3.267323451278942957e+04 1.612025017526231386e+04 -1.065861611199334584e+04 -3.398938997692640260e+04 -3.085243185297984019e+04 -3.149826725321847334e+04 2.628488464820429363e+04 2.816331756718873658e+04 1.836813131509951927e+04 -1.372340519854382001e+04 1.814966559323712863e+04 -5.789687019610244170e+04 1.731803169708743371e+04 3.827318626930981554e+04 3.516685611666364275e+04 1.618028388977840223e+04 2.805933794292851962e+04 -3.184303067109014228e+04 5.760964475160695292e+04 1.511715035963289120e+04 1.724376769852868892e+04 2.481765412704764003e+03 2.372032839375219919e+04 2.153436707035682775e+04 7.083200025959870254e+04 6.703755463324231641e+03 2.936890375981551642e+03 8.944011782298049366e+04 1.582569493787221290e+04 9.206105219184605812e+04 -3.420575165331202879e+04 5.468499804354317166e+04 4.179869751452512719e+04 2.276514977086379804e+04 1.638739434065155365e+04 1.586686306320920266e+04 1.491719308084852673e+04 1.934150906948044576e+04 5.393870188191204943e+04 1.488281060594550945e+04 4.858975647771356307e+04 9.134081850918380951e+04 3.286876898070282914e+04 3.545209392596480484e+03 1.300191567332520935e+05 2.439753275129802205e+04 2.577141971583336272e+04 9.296357314294947719e+04 5.866692370068326272e+04 6.178213531507968582e+04 5.236143975490003504e+04 6.860297708347997104e+04 -3.257482645159798994e+04 -3.257874356273959711e+04 9.678515984913778084e+03 7.260231674148214552e+03 6.111648439173100087e+03 3.120781039319418051e+04 1.345582677503160812e+04 1.525911499099850334e+04 1.612373435863524355e+04 1.775719090266570129e+04 -1.324461536230731144e+04 2.108096810641556658e+04 2.165614264250148699e+04 5.769326030787497439e+04 1.528150899460397341e+04 2.413089320896237768e+04 8.631187924776038562e+04 1.020585009995636210e+04 -3.753643189040224388e+04 -1.491746842927068792e+04 -1.653133582128912531e+04 5.890801806574731745e+04 4.233088984804388747e+04 6.073807185065045633e+04 5.648235256892673351e+04 -1.745371912816495023e+04 5.364657852049542271e+04 2.254733154737062432e+04 2.225984206378131785e+04
2.435093804101690330e+04 8.569948865845544788e+03 5.821683084228751795e+03 9.594510658964932372e+04 3.931078181066780962e+04 2.134455508826903679e+04 3.818664274400517024e+04 4.216036370757010445e+04 2.232252288285989925e+04 2.921295073358758964e+04 5.363695580694310047e+04 5.823540935723527946e+04 1.958108744616594777e+04 1.238139763212198886e+05 -1.537475330033923819e+04 5.153254600246853806e+04 -1.475085101363647118e+04 1.658996016836769559e+04 5.581723105663105525e+04 2.418193374060441420e+04 5.092420669279737012e+03 3.273183208249254221e+03 5.524441360881223954e+04 4.477897351585861907e+04 2.396600976384405658e+04 5.390639550745231645e+03 4.100702977726396784e+04 1.119259754923705623e+04 -1.898450485660533741e+04 2.450326006378766760e+04 -3.046107491481329635e+04 8.564002165345220419e+03 3.872419680161934957e+04 -2.158977327793419681e+04 5.812441296322059497e+04 2.073079512559224531e+04 3.955783285692122445e+04 2.414122245871622727e+04 8.224213018409653159e+03 5.511582987736655014e+03 4.451600932322603330e+04 4.358213155608296074e+04 3.792712838554915652e+04 2.248987861108009383e+04 6.466725212893050775e+04 6.136787898596048035e+04 2.887708772891877288e+03 8.276918228307484242e+03 2.356227484480638668e+04 3.175090288221580977e+03 8.993530855296783557e+04 3.999896921437953279e+04 5.512889664362042822e+04 9.222630655549211951e+03 2.585446931139354274e+04 -6.949033089075775933e+04 8.759725049645871331e+04 7.339412906998742255e+04 2.511030205424619908e+03 -3.127218670559327438e+04 3.650120499748481507e+03 1.233238459849475021e+03 -4.831262733433651192e+03 5.979075371439915762e+04 3.069780120356169209e+04 3.825679301143854536e+04 -2.640154823359357124e+03 3.968857383888934419e+04 -3.162105400538982576e+04 1.951641853021804855e+04 1.838482596286989428e+04 2.506989210177932546e+04 4.158540303352449700e+04 6.512993158882228272e+03 -1.877215458573612705e+04 5.221612257770938413e+03 9.843155471266923996e+03 2.428569167200077936e+04 2.445491097795565292e+04 8.601907702857373806e+03 6.035991086019061186e+04 6.302919439742086070e+03 3.873170658350524172e+04 6.148921117419351503e+04 2.821536235975448653e+04 5.838897297974420326e+03 2.467172204063434765e+04 -5.049778861450755358e+04 -5.029297295048625529e+04 2.923226991541428561e+03 5.455207144428088941e+04 5.652196120575301029e+04 4.455310604134362802e+04 7.574340024533655378e+04 3.849460390726451442e+04 2.026929966161747143e+04 2.520698373317576625e+04 2.210762632280818798e+04 3.873827916306604311e+04 3.716180615425456926e+04
-1.268000435980630864e+05 -2.825154071204506181e+04 -3.871042410004280828e+04 -1.432976215095028601e+04 -6.593387312064532307e+04 2.537115117440557151e+04 -6.497146506655614212e+04 -2.391733508247465215e+04 -1.331501470784053527e+04 -1.820913674011223338e+04 -9.024802176469493133e+03 -6.281832300509165361e+04 1.959994412359267153e+04 -1.537475330033923819e+04 -3.122388063824833080e+04 -4.050493704015973344e+04 5.959695693159473740e+04 -5.064873938787497900e+04 -1.198481714445680700e+04 1.830571577136449196e+04 -1.566801696229867957e+04 -4.221245494039312325e+04 3.434420119642943092e+01 -1.335298767138786934e+04 -1.016499324537583016e+04 -1.207856040391752322e+05 -2.376963666106227174e+04 -9.522639007955345733e+03 -9.106144610641080362e+03 -8.820671269133243186e+03 6.068228598496688210e+04 -5.477398066975388065e+04 4.218810713605266187e+02 -7.945227946150630305e+04 -2.751444197748440638e+04 3.928768651474711533e+03 -1.138735995906919561e+04 -9.286930909307229740e+03 -2.423832219013527356e+04 -2.515175721757628344e+04 -1.203868564121567033e+04 -1.072058793081285257e+05 -1.714389873966344021e+04 -4.738511779301196657e+04 -1.125966594253808580e+04 -1.497592342847355030e+04 -1.623998349184312247e+04 -4.354316641370162688e+04 -8.504862571550089342e+03 -1.141337792241342686e+04 3.700071460839805241e+03 -2.796069584117971681e+04 -6.171160111361022427e+04 -2.483740269751802407e+04 -1.090254568336087232e+03 -8.121515947620870975e+03 -3.194993983634400502e+04 -2.857879229074928298e+04 -1.413724089726575039e+04 3.624012420508077048e+04 -1.825474998658292316e+04 8.460526061015647429e+03 -1.366036491714061995e+05 1.728351348047002830e+04 9.238830500496995228e+03 -4.129357564902074955e+04 -1.441295259336710296e+04 -7.612947998202892450e+03 -4.520834684048618510e+04 9.354503034191649931e+03 5.346862362636437319e+04 -1.012177592827149056e+04 -1.732259098585464380e+04 -1.577706133176155708e+04 -5.503605033701800130e+04 -4.696072932511123327e+03 -4.225896758210242115e+04 -9.526969741928878648e+03 -2.975881816962289577e+03 -1.492500645975165389e+04 -1.233824291247643851e+04 -1.965971715192452393e+04 -1.758720260084003530e+04 2.505148391701511719e+04 -4.250416350516888633e+04 -1.112828482169054769e+04 1.708097404748990812e+04 -1.287999321117021464e+04 -9.660814374491128547e+03 -1.149600127798274480e+04 -4.411546004916869424e+04 -4.469076654120862804e+04 -2.993257409169825678e+03 1.988774676845080830e+04 -3.417085561559933558e+04 -1.866649723791845463e+04 2.778969136153345971e+04 -4.177118841836743377e+04 -5.385647383238959446e+04 -1.755941845600076340e+04
