2.773742113453631646e+03 2.008977010073288056e+03 -2.555624038041445601e+03 -2.465037184654429154e+02 1.720404839233643088e+03 1.730575459315123680e+03 1.211010430449302021e+03 1.619050612152212125e+03 1.807506145716535684e+03 -2.547381565952317032e+03 1.886209121710535783e+03 1.929608073389771107e+03 1.429988085333871368e+03 -5.134646816020032929e+03 -2.520534216185675177e+03 1.469371236032022807e+03 1.511987297194667917e+03 -3.000681329937295232e+03 4.018572316548003528e+03 -2.804751268254702154e+03 -2.840947772506267938e+03 1.658240363821510982e+03 -2.550907384754966188e+03 4.396259169164959530e+03 1.858748087725749883e+03 1.657896487387743491e+03 1.276855790886011619e+03 1.730734372539826381e+03 -2.686456293354851368e+03 -5.860412691378660384e+02 -2.613394317290389154e+03 1.918193803541742909e+03 -2.794355685619280848e+03 -2.751002441280164931e+03 1.651226069538744923e+03 -2.526797685911289591e+03 1.739569016283991459e+03 1.760009834868748385e+03 1.662699675568503153e+03 1.664234998729227755e+03 1.697873508638151634e+03 1.558214808673255902e+03 -2.713560457273728389e+03 1.853615364718141791e+03 1.732712471993322197e+03 2.034320761054902050e+03 -2.695744293978546921e+03 -2.597408241267425183e+03 1.870211444199931520e+03 -3.092384431042584765e+03 2.047900764227759737e+03 1.639075430340281400e+03 -2.641494635311297316e+03 -2.679253485775196168e+03 1.561232545025561649e+03 -2.805477787501520652e+03 1.968284997610057417e+03 1.486978013046442356e+03 1.805193985476980743e+03 -5.322803611415105479e+03 1.930497100207869607e+03 -2.378153230072573933e+03 1.860735926637340981e+03 -2.507561334775637079e+03 1.450755812834839162e+03 1.773057069468901318e+03 -2.492703520318602386e+03 -2.421125505301744852e+03 1.621423820000056821e+03 1.704213222287743065e+03 2.051290469127156484e+03 -2.575461762261686090e+03 -2.536491618909283716e+03 -2.668203475450973201e+03 1.759003968148150307e+03 6.220094640202501978e+03 1.705979955020508442e+03 1.965221463066673550e+03 1.690026292290662241e+03 -5.098257842681037801e+03 -2.583342275205643091e+03 -3.060300448707689611e+02 -9.156221477276340011e+02 1.972620880552715334e+03 1.932732839567734572e+03 1.545684031082697857e+03 -2.592988883357371378e+03 1.831163540393960375e+03 2.071838122300020132e+03 4.040772280189589310e+03 -2.572295295787153009e+03 1.432265514107103172e+03 1.563693342514226970e+03 1.862765048967798066e+03 -2.538931174422490585e+03 2.043096796890170026e+03 -2.684343525188851345e+03 -2.590356487250763166e+03 6.472903134743364717e+03 1.663638625955124098e+03 2.022747654234206948e+03 1.612313366287302870e+03 4.213080739456143419e+03 -2.607944445299559447e+03 1.677752220277589458e+03 4.162805924484886418e+03 -2.507040802488678310e+03 1.407138713237744469e+03 1.617747337881390649e+03 1.945001547995636884e+03 -2.609617614712675277e+03 -5.375430231451682630e+02 1.765992171035970387e+03 1.614204872596899804e+03 1.988937350246504593e+03 1.662667764795160565e+03 -2.537961273472865287e+03 2.069075963725018028e+03 1.907676103237931329e+03 -2.605071901850977156e+03 1.713064173944907907e+03 1.293910316663243520e+03 -2.514892200879628945e+03 2.040470902335279334e+03 -2.731813420824350032e+03 2.001966018839862954e+03 -2.498427002009113494e+03 -3.646963998832434299e+02 1.944053450237176094e+03 1.807783866221698645e+03 1.343243467741095174e+03 1.354397253957259181e+03 1.998389716532229158e+03 -2.487083886125466961e+03 1.914735667815114084e+03 -3.875394599336359533e+02 -2.673476502766709018e+03 2.056954777608307722e+03 2.026595604994016412e+03 2.007929752018217641e+03
2.008977010073288056e+03 -4.844488582967998809e+03 -2.475732591932050127e+03 -4.406838727838985506e+02 -2.506613807926296431e+03 -2.612734542759011674e+03 1.658933230648872268e+03 1.659563633606451276e+03 1.484916917531898889e+03 1.939280833272411201e+03 -2.526869770666460681e+03 -2.653815774391514424e+03 -2.539882249580106873e+03 1.598116376649013546e+03 -2.385909964625367138e+03 -2.569312388065845880e+03 2.026897290064402569e+03 -2.459643131071345124e+03 -2.782083600718688103e+02 -2.593415578005246061e+03 -2.556781265553428966e+03 1.461074897697110373e+03 1.790860806961458820e+03 3.817959520819977570e+03 -2.483076301394372422e+03 1.686083645776503545e+03 1.694643020702184003e+03 -2.573427525183062244e+03 -2.491722437885466206e+03 -4.299393594892389956e+02 -2.419231835068778310e+03 1.971799870577555794e+03 2.039014834643256563e+03 2.070886794421969626e+03 1.458149104550628635e+03 -2.555668045351856563e+03 1.681175934516482812e+03 2.006162236579841647e+03 1.543380801699737731e+03 1.996084424216913703e+03 1.637653152183054772e+03 1.726846081927333671e+03 -2.593892438687027607e+03 1.483414593524214524e+03 -2.478165139271986845e+03 -8.609663123372861264e+02 1.912130011293719235e+03 1.949626861863684553e+03 -2.395123032754163432e+03 1.947131232065762106e+03 1.999218067540469292e+03 -2.553447446125435818e+03 2.155019555221692372e+03 2.025792393360434744e+03 1.714326317022212606e+03 1.704938122239087534e+03 -2.515338496744741860e+03 1.738137109869773212e+03 1.468423674759602818e+03 1.725902782154858869e+03 -2.341472446682273585e+03 -2.513873427996521059e+03 1.993496573199200157e+03 -2.405339361809768889e+03 1.756654698534783620e+03 1.541926176572831992e+03 1.821888728750784594e+03 -2.671285576731075707e+03 1.713750718796283763e+03 1.749429377598811698e+03 1.673290303897958893e+03 -2.556324907385154802e+03 -2.431047794433419767e+03 -2.355904839415910828e+03 2.034535238348793882e+03 -2.577972795436966408e+03 1.664790829202516761e+03 -7.242935020906983482e+03 1.475714197568976033e+03 -2.405617864186751831e+03 -2.918265433961867529e+03 2.064041418537179652e+03 -2.551572977445430297e+03 -2.909796616560888651e+03 -7.219657777795235233e+03 1.838433118916497278e+03 2.009397273699202287e+03 -2.411971124918309215e+03 2.131116970706646043e+03 -5.204396627823516610e+02 -2.382150231773142878e+03 1.923267500729423773e+03 1.812562274318103391e+03 1.532402181710962850e+03 -2.250837109568870801e+03 -2.382956269724869344e+03 -2.400065897183369088e+03 -2.556166100431109953e+03 -4.082933880811251584e+02 -2.432683697356718767e+03 1.750897302125005808e+03 1.988573691648811746e+03 -6.517578248717982206e+02 -2.389677510473287839e+03 1.822532397420036432e+03 1.681675447110676032e+03 -2.576812907321254897e+03 1.772267125777791080e+03 -2.483117540459024895e+03 -2.459388922667007137e+03 -2.589731935870942834e+03 -4.719387276176057640e+02 1.829359319755023989e+03 1.742175060478186879e+03 -2.363538076824384916e+03 1.781425136152080086e+03 -2.900376201607861731e+03 -8.553273085053929208e+02 -2.678552010546081874e+03 -2.386307627155787486e+03 -2.319978559431729082e+03 1.655434653802665707e+03 -2.506036189739003021e+03 1.363933658015363562e+03 -2.635740002878585074e+03 1.691509042622902143e+03 -3.009288660517071548e+03 -3.085745601149901631e+02 -2.790172214617130521e+03 1.745095222950827974e+03 1.843583690088831645e+03 1.822246320976300922e+03 -2.522324038480983290e+03 1.865609292328272659e+03 -2.408683466213398788e+03 -4.013660666843570652e+02 -2.392682526089593011e+03 -2.415167657728648919e+03 1.989170869329160723e+03 1.743717616295589778e+03
-2.555624038041445601e+03 -2.475732591932050127e+03 -4.596181027502039797e+03 -3.737257667462035897e+02 -2.486034891122828412e+03 1.791404508853222069e+03 1.998001503758280251e+03 -2.476814257487996656e+03 -2.660694824816069740e+03 -2.417237197637201461e+03 -2.359988492252879951e+03 -2.497715217613258574e+03 -2.478549201500944037e+03 6.267591131992552619e+03 -2.665802050468155358e+03 -2.612986755953279498e+03 2.004206047432644937e+03 -2.587830589917830366e+03 -6.741920841514292988e+02 1.988764324627964470e+03 -2.494780624294762674e+03 -2.608541591201319534e+03 -2.630025315221741039e+03 -4.506579128816883895e+02 -2.339967109327313665e+03 2.008175703620453078e+03 1.997961947118079934e+03 -2.448352538396480668e+03 -2.549791760271989915e+03 -4.346865649240717175e+02 -2.554441816867903981e+03 -2.478617165611234668e+03 -2.570444954497615981e+03 -2.574501866208032880e+03 -2.711379037742146465e+03 -2.427258277536479000e+03 1.982017124603417415e+03 1.650654163874135065e+03 -2.349290211345411080e+03 -2.572569461478495214e+03 2.119402015578149530e+03 -2.571747838618342939e+03 -2.547486366741235543e+03 -2.379503138641470287e+03 1.771439472730628040e+03 -2.379182349772301677e+03 1.823071198379070211e+03 1.813506843728161130e+03 1.763148665712804359e+03 1.962468424902911011e+03 -2.411282570515868429e+03 -2.569436404894215229e+03 2.048354998113036800e+03 2.068521941848014194e+03 1.990975710484579849e+03 -4.855787554493799689e+02 -2.515973536246332515e+03 -2.485036060712875042e+03 -2.657832304315983492e+03 1.696584136851255607e+03 1.513894837451291096e+03 -2.554701602726119745e+03 -2.380376149702693510e+03 -2.545626616094370547e+03 -2.520852309729081753e+03 -2.589102736140943307e+03 -2.586293061928001407e+03 -2.518463199786252517e+03 2.255280781512994963e+03 1.893943892750338364e+03 -2.415052451497751463e+03 -2.442614367585039872e+03 -2.559509810370735067e+03 -2.505026064598576340e+03 -2.368618759190307173e+03 1.996769674708050388e+03 1.861373634207210216e+03 -2.460825807806679222e+03 -2.400087437572066847e+03 -6.184903773314945283e+02 -2.515405401849762711e+03 -2.575999477681580174e+03 -2.671907544098437938e+03 -2.378204777657629165e+03 2.270993360836439479e+03 1.716238514195785683e+03 -2.437547603352802980e+03 1.462938464522718277e+03 -2.585732320434290159e+03 -4.887069505037174167e+03 -2.589815495013601321e+03 1.995769767504333231e+03 -2.514583872050388891e+03 -2.530192299476468179e+03 -2.411707981201696384e+03 -2.442730720267740253e+03 2.046974600229327280e+03 -2.699494046365718532e+03 -4.914612286378529461e+03 -2.586446886895333591e+03 2.208461509624411065e+03 -2.592975667982937011e+03 -5.317217010079111787e+02 -3.002972376791869465e+03 2.255584442458030480e+03 -2.675296299030233058e+02 2.094619792446409065e+03 1.965431266179223257e+03 -2.576716177228947345e+03 -2.569429849000291142e+03 -2.436744650833883497e+03 -4.904138813169107380e+03 -2.583319187040549878e+03 -2.512206033492802817e+03 -2.450508647856178868e+03 2.251455496454293552e+03 -2.464311552579856652e+03 -2.365661923526895407e+03 1.778319376943756652e+03 -2.570725889643530536e+03 -2.477591898841194052e+03 1.970651359514015439e+03 -2.635074359540238220e+03 -2.451215137807761494e+03 2.033739719965642962e+03 -2.581170120862887416e+03 -2.296332775886978197e+03 -3.972433109752528253e+02 1.687130190839881834e+03 -2.658387151509632531e+03 2.033081146351209554e+03 2.019916747249345008e+03 -2.569826636319623503e+03 -2.575011263812768448e+03 1.502864992931143206e+03 -4.456288206333920243e+02 -2.772667549697092909e+03 -2.561777916643412027e+03 1.637201362694062936e+03 -2.522757772839737299e+03
-2.465037184654429154e+02 -4.406838727838985506e+02 -3.737257667462035897e+02 2.576825179768973612e+03 -5.314961222537021968e+02 5.909896498158488612e+03 -6.566586130376599613e+02 3.749693865877491135e+03 -4.841429966293435427e+02 -4.468692024958945694e+02 -3.018293352086257073e+02 -5.588386472860511276e+02 -7.756276221146035823e+02 -3.036479530597937355e+03 -4.248654488468237105e+02 -2.218155966094854818e+02 4.141728227991059612e+03 -3.467218477333590272e+02 1.556283724592190993e+03 -5.318302866286730932e+03 -7.613062230461437139e+02 4.132978816546647067e+03 -2.866728149478949490e+02 -3.059884429142943645e+03 -4.290222033875688794e+02 -5.163273673487055930e+02 -7.328361653684332850e+02 -4.504023574747770908e+02 -6.719617707630313816e+02 1.508267629949965340e+03 -5.740396313775490853e+02 -4.013603714880227926e+02 -7.333286305133879068e+02 -6.665935155338302138e+02 4.034985718355894733e+03 4.120525493296476270e+03 -7.059563534570552292e+02 -6.432526631435539457e+02 4.027493953948522631e+03 -5.307713986170638236e+02 -3.431569879074741038e+02 3.658451377452266115e+03 -5.944014275198496762e+02 4.002922900425185162e+03 6.159455929280406053e+03 -3.696214368260625633e+02 1.626361802208593872e+03 -5.086826184582796486e+03 6.143365305938672464e+03 -5.000721107873965593e+03 -3.661794880434099468e+02 -5.745124780748665216e+02 -5.110936263478959518e+03 -4.813220036401080506e+03 -6.614924240907348576e+02 1.420672929050757375e+03 -3.009079800202671322e+02 3.607337828235848519e+03 3.972883883283388514e+03 6.328407638933191265e+03 6.117341729888374175e+03 -8.448267740347582730e+02 -5.386352043566193970e+03 -4.037944134200151893e+02 3.620863197974077138e+03 4.056235219741387937e+03 -3.700759637226510677e+02 -5.363326045685607824e+02 -3.471635435776479426e+02 -4.466960523916568491e+02 4.143830843243196796e+03 -4.723723840470120194e+02 -3.929960946921419236e+02 -5.584331110970742884e+02 4.155701288409212793e+03 -6.092727490424804273e+02 -5.190001661967180553e+02 -3.733203143289938453e+02 4.102549462956058051e+03 1.566727496342857194e+03 -4.865025600608132663e+02 -3.842787411570243421e+02 -3.830288637416597339e+02 -4.544201649742826703e+02 1.432657626684180286e+03 -2.753634520618121314e+03 -4.371676469981830451e+02 6.077377188718093748e+03 -3.567028404193624738e+02 1.564129858621519816e+03 -5.214599980449929717e+02 -4.555707237165115657e+02 4.194992717204064320e+03 4.083169091004327584e+03 -4.044488511875897530e+02 -4.449675523248661193e+02 -5.939458240613967064e+02 -5.064674870216913405e+02 -2.660879843188117320e+03 -5.867303194181222352e+02 -4.299485754991110298e+02 -5.881501338236193988e+02 9.532667646958798287e+02 -4.664592772767573479e+02 -4.209608766770616057e+02 3.837104033872376021e+03 1.890679443659384560e+03 -4.417920187184281531e+02 -5.770404618532556924e+02 -4.939376078193236026e+02 3.846934572120112080e+03 1.587528399560957041e+03 -3.647025765626385692e+02 3.727375809359046343e+03 -4.709880245720196399e+02 -3.771881571415506187e+02 -4.688540366262823227e+02 -4.767926468989971909e+02 6.149743893530134301e+03 -5.469210665504142526e+02 -4.818100271586954477e+02 -7.173322016956444713e+02 -3.669181808881621691e+02 -5.011481456773981336e+02 -5.913183987903103116e+02 3.666150855221467737e+03 -3.775194462434083107e+02 1.791840637200635683e+03 -5.991987680109377834e+02 -2.972004718979515019e+02 -6.027748187534671160e+02 -5.680647824279658380e+02 -6.833313346950963023e+02 -4.124126594789486262e+02 6.114479137999851446e+03 1.687269323335385707e+03 -2.848359779553647968e+02 -3.485718135134011391e+02 -4.768886866135217133e+02 3.866651774731146816e+03
1.720404839233643088e+03 -2.506613807926296431e+03 -2.486034891122828412e+03 -5.314961222537021968e+02 -5.209706571201080806e+03 1.895137256777993116e+03 -2.780457808279774326e+03 -2.656523213520988065e+03 -2.586673891707898292e+03 -2.409046137698336679e+03 -2.577893827587242413e+03 -2.548769209749872971e+03 -3.106998951282694179e+03 -4.632384916726659867e+02 -2.214755429653792817e+03 -2.550240461003377277e+03 -2.537438970112816605e+03 -2.748962213588521990e+03 -4.545599037691645208e+02 1.628088820268780637e+03 -2.570118959453298885e+03 -2.569654388686518359e+03 -2.499590009417494002e+03 1.812166313015746709e+03 -2.533473445306874055e+03 -2.584494577160912741e+03 -2.528835179866633553e+03 -2.396416550524641934e+03 -2.742880641503834340e+03 -5.387003519803911331e+02 -2.653253195268909622e+03 -2.538896819960667926e+03 -2.514450180395382631e+03 -2.729163083631421614e+03 -2.565907449349404487e+03 1.856798033594976005e+03 -2.542190804727251816e+03 1.927081181369171190e+03 -2.480941210919168952e+03 -2.420477292564806703e+03 -2.523220080659833911e+03 -2.647835903762948874e+03 -2.702336753174306068e+03 -2.545652817605405289e+03 1.903611720349321786e+03 -2.755985707792795438e+03 -2.557071481773506093e+03 -2.581658602486008022e+03 2.024995896635957706e+03 -2.391396676084601495e+03 -2.309116045631111774e+03 1.858358353911581162e+03 -2.527388367518426094e+03 -2.618540979908189911e+03 -2.734296568336307246e+03 -3.755917569053053739e+02 -2.672972600906963635e+03 -2.510381031624150637e+03 -2.553406414594843227e+03 -5.129942400303336399e+03 2.003961755335245925e+03 -2.699029642728964973e+03 6.186944726452145915e+03 -2.440899528293979529e+03 -2.787330627130686480e+03 -2.477239260115071374e+03 -2.471734398190041247e+03 -2.544544834544292826e+03 -2.481218249956487853e+03 -2.542331293015384290e+03 1.741617065579754126e+03 1.654233454567969602e+03 -2.426574317973914731e+03 -2.592352380438584078e+03 -2.573644729510757315e+03 -2.537547518134226266e+03 -2.585777416128774348e+03 -2.503839791588827211e+03 -2.592662093065089721e+03 -4.550192869390521082e+02 -2.513719110987258318e+03 -2.798887617871041584e+03 -2.781144332746851433e+03 2.020186504787680406e+03 2.017171979922017726e+03 2.037025024117351222e+03 -2.577939303697894502e+03 2.029885566652201760e+03 -2.549793948791098956e+03 4.128297926906410794e+03 -2.546399279899305839e+03 -2.475641596006804320e+03 -2.732438739774159330e+03 -2.456772557855460036e+03 -2.508349120653110731e+03 -2.471270176499259833e+03 -2.545422994668238971e+03 -2.530018578403738502e+03 -3.040297354465510580e+02 -2.423375020708997909e+03 -2.562236341665608052e+03 -2.685560896162518475e+03 -2.810225495333943400e+02 -2.398083620427518326e+03 -2.457507152312311518e+03 -4.950183747504272105e+03 -2.580689797419930983e+03 -2.476889749746180314e+03 -2.696792249217971403e+03 -2.461189900243531156e+03 1.819951115022769955e+03 4.141626163809474747e+03 -2.524167703922481451e+03 -2.692161496651002381e+03 -2.600989672588060785e+03 -2.480644072762566793e+03 -2.520025179923854012e+03 2.032529636849098551e+03 2.022946070414184305e+03 -2.605390755200867716e+03 -2.582637362732428301e+03 -2.744311346382477495e+03 -2.782533253570429224e+03 -2.372415984677027154e+03 -2.536261874091687787e+03 -2.726886802629443991e+03 -2.522522329428575176e+03 -3.147531941655252012e+02 2.123112559142204645e+03 -2.562545380755669612e+03 -2.656786210743353877e+03 -2.650669306909076113e+03 2.052189497303831104e+03 -2.469219805572989571e+03 2.029351306770843166e+03 -3.442612257125947508e+02 -2.558850461228394124e+03 -2.457175848231527198e+03 1.865694249255264822e+03 1.732156758614473802e+03
1.730575459315123680e+03 -2.612734542759011674e+03 1.791404508853222069e+03 5.909896498158488612e+03 1.895137256777993116e+03 3.170365975517561310e+03 1.817889397845518488e+03 -2.423506973744013521e+03 1.740670923272295568e+03 1.899411598730980131e+03 2.034839100135638091e+03 -2.509323341643779713e+03 -2.585758506850681442e+03 3.929121381858511540e+03 -2.694429667219163093e+03 -2.513764810461660090e+03 1.582111658219163019e+03 1.651731124708343941e+03 -4.753887038222674164e+02 1.992516503045017544e+03 1.715912491927512747e+03 -2.519632527427624154e+03 1.977523523932237822e+03 1.693785403035937634e+03 -2.428311297261032450e+03 1.964101193541343036e+03 -2.423031113002092752e+03 2.047917995527068797e+03 1.937923528131012517e+03 -2.435515228225260216e+03 1.465725780540992218e+03 1.740876524039459127e+03 1.812214809188301388e+03 1.907808569237039137e+03 -2.531935198549988854e+03 -2.561357878855771560e+03 -2.465026014578870672e+03 2.062712860823291066e+03 1.726113257634834099e+03 -2.603552774113246414e+03 -2.512269539191031072e+03 -2.639956930907319474e+03 1.600798533618341025e+03 1.969434395771155778e+03 -2.666669293456354353e+03 -2.765651865942047152e+03 1.900241166196911308e+03 2.161252022498202223e+03 2.217510922747113455e+03 -2.667359132852980110e+03 1.989700866894944284e+03 -2.619289884835125122e+03 2.181110269044208053e+03 1.823272789535493303e+03 2.177243559693832594e+03 -3.583317403014443698e+02 1.707258966406023774e+03 -2.458211952904581267e+03 2.027939509012418512e+03 6.384618167187467407e+03 2.214314299391963232e+03 -2.592974450080066163e+03 2.078372854085321251e+03 -2.388877536028732720e+03 -2.777634829187874857e+03 1.758694051232103902e+03 1.997600587287599865e+03 1.733044214511205155e+03 -2.596948366028133023e+03 6.296161962218031476e+03 -2.524288737730232242e+03 1.699789706671966997e+03 -2.509889922316528100e+03 1.695933264889878046e+03 1.962813467299014974e+03 2.160392724247564274e+03 -2.536320124126148585e+03 1.941425615168091554e+03 2.068685230111152578e+03 1.703208238059778523e+03 1.719222702340113756e+03 1.600440542479193482e+03 -2.735560630295534793e+03 -2.548258199568015698e+03 1.812998854349980775e+03 2.210292778944511610e+03 2.025515176360876012e+03 2.210123110563176397e+03 -2.541441213951089594e+03 6.469788255518449660e+03 1.724757115015418094e+03 -2.512692764426457870e+03 -2.651901923453544441e+03 1.735993672228798914e+03 -2.525043955448425550e+03 -2.576621123328448448e+03 2.006401495112021166e+03 1.711250702044143054e+03 -5.037272107064158263e+03 -2.617316300445345405e+03 2.013039761250287938e+03 1.911736366253261167e+03 -2.731072516512285802e+02 -2.582069141120526183e+03 -2.412975041993769992e+03 -4.566892039094745996e+02 1.690660677426851180e+03 -2.410437092277796182e+03 -2.634718657094163063e+03 2.032644863268741119e+03 1.828248098410115290e+03 4.293206930510614256e+03 -2.572600069784435618e+03 -2.591293769651434559e+03 -2.544602101190357644e+03 -2.441706467940115544e+03 -2.567186604682930920e+03 -2.406528417868183169e+03 6.472553210922664221e+03 -2.415422077742514375e+03 -2.399679933233062911e+03 6.134171478836013193e+03 -2.652540247855584312e+03 1.976611773718296263e+03 1.664714971094515931e+03 -2.692485512902836490e+03 1.718297594430538538e+03 6.275771777394840683e+03 2.117788236114809933e+03 1.950859424135097015e+03 -2.592953071426243696e+03 -2.595401702503550041e+03 -2.752835855281555268e+03 1.897214030237317729e+03 2.193796151698714766e+03 -2.604396309146999556e+03 1.689582649714204308e+03 -2.385356124711564917e+03 2.109439772160405937e+03 -2.500053169902988884e+03
1.211010430449302021e+03 1.658933230648872268e+03 1.998001503758280251e+03 -6.566586130376599613e+02 -2.780457808279774326e+03 1.817889397845518488e+03 3.316555483481211013e+03 -2.506450051264946524e+03 2.026577692128865692e+03 1.603551213695815477e+03 -2.550218657964018348e+03 1.711834577460896980e+03 1.507568045062369492e+03 1.648701345641988155e+03 -2.924354498657507065e+03 1.535168227265014139e+03 1.628704819688488442e+03 -2.846441352607325825e+03 1.860176694470115763e+03 -2.786515867169822741e+03 1.609635492558738861e+03 -2.544246106648693967e+03 2.047017219065137851e+03 6.318542673601217757e+03 1.643355156628771510e+03 1.750577442797281492e+03 1.619510425325398046e+03 1.560443840724074107e+03 -2.632462776580003265e+03 -4.509000682636324200e+02 -2.811951670708709571e+03 1.630870186664544690e+03 1.590734488651769880e+03 1.692529034104346010e+03 -2.599343239804140467e+03 -2.827794763361212972e+03 2.130817178251602400e+03 1.770691722425547141e+03 2.003927726126190919e+03 1.470452665443888691e+03 2.027645540961445022e+03 -2.612804420936263341e+03 1.704546339208873633e+03 2.063948238672603566e+03 2.072646241716257009e+03 1.885425980884938326e+03 -2.507589293081888172e+03 1.649554412787695128e+03 1.878546471489974010e+03 2.109057367373172838e+03 1.610637829095040161e+03 1.165194321413415310e+03 1.898531765604306656e+03 2.057449794621587444e+03 1.637585672308140147e+03 -5.945562403349831584e+02 1.464735189979553979e+03 -2.694483982352881867e+03 -2.570817307387587789e+03 -5.094677679313972476e+02 1.900564025481146473e+03 -2.834153229023206222e+03 -2.616204619028714660e+03 -2.530365299925550062e+03 -2.617439284585758287e+03 1.976809216817988727e+03 1.977762474156598273e+03 -2.424155315337113279e+03 2.001424805745164576e+03 1.996312025509922478e+03 -2.526847142990322027e+03 -7.410689746404432299e+03 -2.561068231278906751e+03 2.014186251158973846e+03 -2.544203813414431352e+03 1.919051219945688445e+03 1.933268715632295880e+03 1.536880274954841298e+03 -2.616320071950663987e+03 -4.023005162972185644e+02 2.035886217910012874e+03 3.622047727170015605e+02 8.325985258043583599e+02 1.761931272661669936e+03 2.019371096353427220e+03 6.194527514727700691e+03 1.993050568263659898e+03 1.946741547092710334e+03 1.672464338015655812e+03 -4.137636060436416301e+02 1.799344133950452033e+03 2.113077684657097507e+03 -2.616019082936334598e+03 1.992640065050598878e+03 -2.383967785814653325e+03 -2.553149422470822174e+03 -2.447886632885194558e+03 -2.493458226550013933e+03 -4.779081561121784034e+02 -2.840072394039591018e+03 1.740715456678912687e+03 1.695664812621808323e+03 -9.969461107480965438e+02 -2.514903650416636083e+03 1.988343161877159673e+03 -5.263420452637963535e+03 1.837583037131148103e+03 1.838601071601415697e+03 -2.566738245458451274e+03 1.659661353069015604e+03 1.696894171279071543e+03 -3.758179589171122643e+02 -2.608643045031574729e+03 -2.554300526525934401e+03 1.744366119482678187e+03 2.025136822565839338e+03 -2.517459520991535101e+03 1.862371968379600730e+03 1.886629806523591924e+03 -2.509937324152670044e+03 1.531280304761494335e+03 1.629382233136714149e+03 -2.860485032202785078e+03 2.034778372733535889e+03 1.854272679309974137e+03 -2.666563381792388100e+03 -2.559703812186948198e+03 -2.497598353773930285e+03 -2.646124789572895679e+03 1.743888153222304481e+03 1.990378094397167388e+03 2.009343472212700817e+03 1.597458257904399943e+03 1.697990204445001382e+03 1.889365312367359820e+03 -4.679090129038013401e+02 1.906471400626617196e+03 1.695529782408273604e+03 -2.822298869778278458e+03 -2.767572010616415355e+03
1.619050612152212125e+03 1.659563633606451276e+03 -2.476814257487996656e+03 3.749693865877491135e+03 -2.656523213520988065e+03 -2.423506973744013521e+03 -2.506450051264946524e+03 3.934306623870336807e+03 2.045165414129298824e+03 1.719563344874310133e+03 -2.564926916319520387e+03 1.726508367170029032e+03 1.647809404775415260e+03 -4.438890411109823617e+02 -2.286985145058824855e+03 1.699603849293113399e+03 1.990883011693515527e+03 -2.731978368189760658e+03 6.177795277892759259e+03 -2.546341619602280844e+03 -2.558748982437762606e+03 1.990920414675640586e+03 1.668165348575341341e+03 4.125158959045687880e+03 1.829065666319018874e+03 -2.635751698865664366e+03 1.778405850003621254e+03 1.845514303057835150e+03 2.120677217363062027e+03 3.961755874365715954e+03 1.949722751318159226e+03 1.697990566056112584e+03 1.672271936017212283e+03 1.838934241914081213e+03 1.719821059182201225e+03 -2.639850253222386527e+03 1.992583564727249268e+03 -2.523877009658019233e+03 1.992347581101263586e+03 1.905726825037886101e+03 2.047809278955830905e+03 2.119699652789774063e+03 -2.424472459884236741e+03 1.994364229882283780e+03 1.987290447148409385e+03 1.757624123101968962e+03 2.027064635362623903e+03 -2.539226303188705060e+03 -2.558929659873123455e+03 -2.549001659077468503e+03 1.755328658751568582e+03 1.554148296817819300e+03 -2.572086991988930095e+03 -2.641199418098309252e+03 -2.760813835313652817e+03 3.867115245974071968e+03 1.693663794941882315e+03 1.767224990950346637e+03 2.029872429058569196e+03 1.717013197192580265e+03 2.016617963821774993e+03 -2.730138625846586365e+03 -2.536694343885748822e+03 -2.460325925097211439e+03 2.037691971037451822e+03 2.000927659805080566e+03 1.936852384389036160e+03 2.022890360958556357e+03 -2.448380647127625707e+03 -2.583574143277357507e+03 -2.628872888577978301e+03 -2.544357480810598645e+03 -2.445420161225476477e+03 -2.573826726946623239e+03 2.037692986463111538e+03 -2.490967137738705787e+03 2.006169581208991531e+03 1.992178920457753065e+03 2.003467452458020944e+03 -4.742171218859657529e+02 -2.339677344650604937e+03 1.493926314392716449e+03 1.543045116150201011e+03 1.718742267855823684e+03 1.978764384950891781e+03 2.014419389034536380e+03 1.711514313663479697e+03 2.026703572739529136e+03 1.651602320142936605e+03 1.677579610258464527e+03 1.963710164118938792e+03 1.820737039408794317e+03 2.137860202743121135e+03 2.114468400670596111e+03 -2.552781465055762965e+03 -2.461696056097156543e+03 2.007514692611674491e+03 1.989612401093038443e+03 -3.496227533967394265e+02 -2.618261208153206098e+03 -2.487984301454496745e+03 1.817778263104504731e+03 -3.362329576279662433e+02 -2.454685012800262484e+03 1.949940830847396228e+03 -5.078595653028387460e+02 -2.566085233676123607e+03 -2.612023392355877149e+03 -2.454538966780870396e+03 1.975528620770116049e+03 -2.589460056942996744e+03 -4.396249360187139246e+02 2.071250060042281348e+03 1.873730093592227149e+03 1.694188560126497123e+03 2.023595177133249763e+03 -2.376339153596309188e+03 1.773659945665075156e+03 -2.574477828008697543e+03 -2.615534770344027493e+03 1.707928462292448330e+03 -2.503843211772495124e+03 -2.769975855641176167e+03 1.762579585857114580e+03 -2.578587281691019598e+03 1.585642825599907610e+03 1.993518748185512322e+03 -4.870688882587144690e+03 -2.519832601876107219e+03 1.704049879515900102e+03 1.898147057645869154e+03 -2.630623518422587949e+03 2.023020112797300044e+03 1.804572496864602726e+03 -2.575798766350482765e+03 4.094655155815331909e+03 -2.581983794740277517e+03 1.699517986466324601e+03 -2.520045305037747312e+03 1.734888828250727329e+03
1.807506145716535684e+03 1.484916917531898889e+03 -2.660694824816069740e+03 -4.841429966293435427e+02 -2.586673891707898292e+03 1.740670923272295568e+03 2.026577692128865692e+03 2.045165414129298824e+03 4.192132462316953934e+03 1.663763936526032921e+03 -2.503485313175122428e+03 2.017062089864312384e+03 1.604754273970293525e+03 4.124290187462846006e+03 -2.693205621997003618e+03 1.874211166289549965e+03 1.658587712714829195e+03 -2.672492081780561421e+03 -2.642224643520421523e+03 2.176610128500646624e+03 -2.538482304401572037e+03 1.541583200754745576e+03 1.589296920610715460e+03 1.852599337126252067e+03 1.882516866390275482e+03 -2.529540772567379463e+03 -2.541285890178631234e+03 1.767664280595638502e+03 2.030184879013717818e+03 -5.099428334141775849e+02 2.000841724991713363e+03 1.778284981952871021e+03 1.719415961627972138e+03 1.658540737218114373e+03 1.831540335480737212e+03 1.954822619090703029e+03 -2.541168912523535255e+03 2.183671244754836607e+03 1.862095032722371343e+03 1.730915324519303340e+03 -2.508873143592725683e+03 2.066575293256583336e+03 -2.590014828916282568e+03 2.071671162111366812e+03 2.035249215545746210e+03 1.096069835913981024e+03 -2.592344220087972644e+03 2.054238124813333798e+03 2.249870525849665228e+03 2.082436684110815349e+03 1.832142074972980481e+03 1.959881591637533802e+03 1.964052569550842691e+03 1.984414109110980007e+03 2.000437752810221809e+03 -4.940774329360008778e+03 1.707444162887436050e+03 1.976300101153001833e+03 2.065636520093687523e+03 -2.944887507668390754e+02 1.795253850144249100e+03 -2.663764162015046168e+03 -2.349710938782074663e+03 -2.610923457694581884e+03 1.936098634785654667e+03 1.929117095482683453e+03 1.658819024310338136e+03 1.975146326215154204e+03 -2.664513938480631623e+03 -2.472164046878337103e+03 1.974044864004159990e+03 2.205218142311236534e+03 -2.573565903505885217e+03 -2.521460482166723523e+03 1.882176650888899985e+03 1.987857122247022289e+03 -2.475208193030550319e+03 2.109073652043620768e+03 2.076483619394859943e+03 1.662288322541986417e+03 -2.526132703777977440e+03 1.578734622237629083e+03 1.581483571127437699e+03 1.528511467101200196e+03 6.234100508179430108e+03 -2.315222650040981534e+03 1.740274698599831027e+03 1.989327582072614405e+03 1.956735358784123036e+03 4.158633258795978691e+03 -2.561381848349112261e+03 -2.547059152555761102e+03 2.012492734398142147e+03 2.193870375167726252e+03 -2.482354079261531297e+03 -2.521094828712863091e+03 2.094195904104652527e+03 1.781935947591586682e+03 -2.097731528152871476e+02 -2.521052847041159112e+03 -2.675895771928007889e+03 1.669689094790381205e+03 -5.666859750930379960e+02 -2.536498843329602096e+03 -2.584380450460004795e+03 6.399682254548331912e+03 -8.461819195182447402e+02 -2.499040049516006547e+03 -2.551005534186137083e+03 1.641766514372461188e+03 1.887599883078512448e+03 1.709682221847244364e+03 1.951121370026523891e+03 1.982260036543392289e+03 1.485223891017174992e+03 -2.661460167881676171e+03 -2.501536605155204597e+03 1.101070502712771940e+03 1.722562106279105592e+03 -2.538728639105909679e+03 2.043577904564476285e+03 -2.571708743623799819e+03 -2.659034105420687411e+03 1.717829057572998863e+03 1.972497839220714468e+03 1.993185250993500176e+03 2.122655302614354241e+03 1.870237254445331928e+03 -2.371279990101109433e+03 1.757740956967354578e+03 -2.580824513816616673e+03 -2.516511356542927388e+03 1.657265013355909559e+03 1.670093230508857232e+03 2.030529624652498114e+03 4.295526345825901444e+03 -2.605844299037118617e+03 1.710011782536430928e+03 2.247652847867374021e+03 1.803994948189154911e+03
-2.547381565952317032e+03 1.939280833272411201e+03 -2.417237197637201461e+03 -4.468692024958945694e+02 -2.409046137698336679e+03 1.899411598730980131e+03 1.603551213695815477e+03 1.719563344874310133e+03 1.663763936526032921e+03 -4.976231510784229613e+03 -2.479842894153778616e+03 2.019342291456096518e+03 2.010944422444709289e+03 -4.577033626610573265e+02 -2.723523913113276649e+03 1.750436879427785698e+03 1.519287771019509819e+03 -2.663915452815468598e+03 4.118569914847061227e+03 1.925790219326418537e+03 -2.766483825538649398e+03 1.812590644018615421e+03 -2.436819529072723526e+03 4.347451490070119689e+03 1.956276871637123350e+03 1.721679009301968563e+03 1.813279632453954491e+03 1.925784493005283821e+03 -2.660257327811203140e+03 -5.255868950375515851e+02 -2.631747515870600182e+03 -2.529505923998651269e+03 -2.764724802546777937e+03 -2.672401892740388575e+03 1.695128265127430495e+03 1.940185033648655462e+03 1.951819437873231891e+03 -2.511327407239346940e+03 1.816223915600574401e+03 1.969467778445602107e+03 2.024206715982787955e+03 1.590285334641237569e+03 -2.660367389586164791e+03 1.929116711607792240e+03 1.610081615729172427e+03 2.132824355744438890e+03 -2.520133440625962976e+03 2.034193488412218812e+03 1.708379452799361843e+03 1.905946985903576660e+03 -2.536556729498428467e+03 1.929443371760341051e+03 2.016501497684427250e+03 -2.396688898853601131e+03 1.580383032606363940e+03 6.276924052657008360e+03 1.969980348798594150e+03 1.519614521086572495e+03 1.758334521209711966e+03 1.671574922903331753e+03 1.732049439370779965e+03 -2.614809348682516429e+03 2.056454948995643008e+03 -2.376996113309745851e+03 1.542830334969221440e+03 1.844842921559356910e+03 -2.542788957250180829e+03 -2.585433987598975364e+03 2.000161329568977180e+03 2.026871228214733947e+03 -2.475619474649072799e+03 1.938343933990838650e+03 -2.497749946130781609e+03 -2.563873840994776401e+03 1.839007565621410322e+03 1.876372231805146384e+03 2.031452387318628553e+03 6.384082547901578437e+03 1.806664771735791874e+03 1.695621127442347642e+03 -2.576529243120799947e+03 1.624831741113596308e+03 1.595665913821113008e+03 2.032546105866933885e+03 2.177261292224897716e+03 1.966520816422681037e+03 -2.823546114158925775e+03 1.787823005776068840e+03 2.019551865423013169e+03 -4.648564387973092380e+02 -2.565163309559568006e+03 1.931727543837538633e+03 1.622354334102135908e+03 1.827302596457426262e+03 -2.729459373679586861e+03 -2.605126577122246090e+03 -2.553822121402125049e+03 -2.569002486645353201e+03 -2.421323387601289141e+03 -2.601905306131920952e+03 1.708215245430272716e+03 -2.669266114223159093e+03 -8.112958734285712126e+02 -2.570420987762619916e+03 2.052023852676300976e+03 -4.908740442196067306e+02 -2.557707025626783434e+03 1.928781670920232955e+03 -2.638763562509433541e+03 1.926473638200581718e+03 1.914061256450515884e+03 4.124825850236842598e+03 1.684971154703416687e+03 1.815130005764898669e+03 1.987936571707165513e+03 2.037710983891886372e+03 -2.574363597955431032e+03 1.849116276047107476e+03 1.977928525185593116e+03 -2.560336511321242142e+03 1.891239843352379921e+03 1.823107988241043586e+03 -2.689849249075741682e+03 -2.584552093920174229e+03 -2.527272237445104111e+03 1.600682133757632982e+03 -2.557264593963620428e+03 -2.238035062384951459e+02 1.991965004109226811e+03 -2.531767699040115986e+03 1.965222516324518892e+03 1.955907957067860934e+03 1.813568483748388189e+03 -2.379071914181688044e+03 1.748850910289826516e+03 -3.281599458501368645e+02 -2.533652202793971810e+03 1.945901687999170917e+03 1.963011194716821137e+03 -2.543411132858709607e+03
1.886209121710535783e+03 -2.526869770666460681e+03 -2.359988492252879951e+03 -3.018293352086257073e+02 -2.577893827587242413e+03 2.034839100135638091e+03 -2.550218657964018348e+03 -2.564926916319520387e+03 -2.503485313175122428e+03 -2.479842894153778616e+03 -5.414699483209507889e+03 -2.562829139712375763e+03 -2.532165554353377956e+03 -4.337287825274906936e+02 -2.746697050115435559e+03 -2.380315058518077421e+03 -2.497129882235189143e+03 -2.670213118394480261e+03 -2.075771073225114094e+02 1.997754014764361727e+03 -2.484387370000004012e+03 -2.403043066603706393e+03 -2.451001066139309842e+03 -3.369144628677677247e+02 -2.710249526787192735e+03 -2.547357934954219672e+03 -2.557096979814923543e+03 -2.507533151268369693e+03 -2.582677549079868186e+03 -4.731639560236289981e+02 -2.581262780241544533e+03 2.058014214015946436e+03 1.952259743412173066e+03 1.981734422280833769e+03 -2.527281815447720874e+03 1.702484625096556556e+03 -2.588830005015821371e+03 1.764331855423430625e+03 -2.696019001302651304e+03 -2.593682507235200319e+03 -2.714613327614839363e+03 -2.605858773790874693e+03 -2.573438563233583409e+03 -2.705899107796481985e+03 2.016191802212417770e+03 -2.441056996871593583e+03 -2.523857826426268730e+03 -2.797834977256243292e+03 2.029227288399970803e+03 -2.524933083295698452e+03 -2.469037198137135420e+03 -2.615114688035675499e+03 -2.574899544927400711e+03 -2.518199926596244040e+03 -2.537996087958214048e+03 -4.913384022194586578e+02 -2.595049992790554825e+03 -2.497841426499064255e+03 -2.450855580385185021e+03 4.257273209896318804e+03 2.068828369507015395e+03 -2.630693875867982570e+03 1.956785162668590146e+03 -2.649301623152678076e+03 -2.515303090639288712e+03 -2.613060812695061031e+03 -2.621111962666378531e+03 2.025470472934803638e+03 -2.612707147116183478e+03 -2.457648248021832842e+03 1.912601168774424877e+03 1.688250547902549442e+03 -2.373201017315142963e+03 -2.586728537780807528e+03 -2.428801358538090426e+03 -2.489394506737466145e+03 -2.448765200210844341e+03 -2.388635267968165863e+03 -2.459014999990693468e+03 -4.681008247352365288e+02 -2.529415591457036498e+03 -2.389578979188685480e+03 -2.668734769533963117e+03 1.856178566056917134e+03 1.894153996050039950e+03 1.955023811224297333e+03 -2.493958183908711362e+03 1.967826651431302253e+03 1.909822501891673255e+03 4.178633114147147353e+03 -2.580167613529476512e+03 -2.513005052363143477e+03 -2.568584060478133324e+03 -2.593181809700436133e+03 -2.469991557670633483e+03 -2.497833545135908935e+03 1.985064453997564215e+03 2.064556048438566449e+03 -3.702615248501460883e+02 -2.579357109021504584e+03 -2.428256786756792280e+03 -2.591636218134190131e+03 -5.626088862236283603e+02 -2.551935266055043030e+03 -2.384036035635152075e+03 1.825010800533353176e+03 -2.761420711507198575e+03 -2.539297735018066305e+03 -2.544950870595515880e+03 -2.363102267788599420e+03 1.801089057609562587e+03 3.893120802067600835e+03 -2.338393706610768277e+03 -2.550029566799865279e+03 -2.522498020198072481e+03 -2.616597401555736724e+03 -2.526997519995427865e+03 -2.980108111813075084e+03 2.017340682827782530e+03 -2.583140948148553434e+03 -2.556235289052470762e+03 -2.610788405662977311e+03 -2.690324694025439385e+03 -2.559220565045827243e+03 1.971011219948445159e+03 -2.458581917455529037e+03 -2.640825713329126302e+03 -1.805444985808498757e+02 -2.500274096619912598e+03 -2.445354300367987889e+03 -2.545731430196778092e+03 -2.581717754067729402e+03 1.944584836396070841e+03 -2.650971334333407867e+03 2.008079600033265251e+03 -2.393039681558657037e+02 -2.562311258758760232e+03 -2.355478012130937714e+03 1.759102558764544028e+03 1.807342144666828972e+03
