6.512133578600118926e+04 9.162915933155018138e+03 7.599061969372007297e+03 3.418851109289127635e+03 -5.771742788424220635e+03 9.186250227441574680e+03 6.308535026314231800e+03 9.431490397145535098e+03 1.098834421008688514e+04 1.002614795746331220e+04 1.108503209293962573e+04 6.318274588130909251e+03 1.423137106726383172e+04 9.210572934465977596e+03 -1.613834684238347108e+04 1.742350483516725944e+03 -1.697362224540049647e+04 9.901446646069671260e+03 -1.434633670107132639e+04 -1.443101794672458891e+04 -1.259384962748950966e+04 1.046605547494677012e+04 1.123151958895803546e+04 3.037114963593212451e+04 -1.617633789692769642e+04 3.218902337086172338e+04 9.890430350455950247e+03 -1.524321528278055484e+04 3.478277671801572524e+03 -6.594065865000225313e+04 3.499973110504963552e+04 -1.542593075866109575e+04 6.973547786550159799e+03 2.725730313938827749e+04 8.775764527674327837e+03 3.809815736857944285e+04 1.074419947888379102e+04 9.974929542107071029e+03 8.886557480511750327e+03 -6.242018810878216755e+02 9.373495368204574334e+03 6.339420627302984940e+03 -3.035372064539667917e+03 9.440783885160955833e+03 3.133574971687672223e+04 7.324059322984452592e+03 -2.685839341952353061e+04 2.962259879271005775e+04 7.521259021700854646e+03 9.061103278463269817e+03 1.047199816853043740e+04 -4.223578399429534329e+03 -1.151720791592663772e+04 -3.950898313029247220e+04 -2.349994640842216904e+04 -1.595128721458694781e+04 7.736786928613233613e+03 9.580568789706128882e+03 9.520973564572195755e+03 3.172278816282255139e+04 6.521212124201184452e+03 -4.319995869843642868e+04 -4.912758720896643354e+03 5.993168339739117073e+03 1.261104096986589138e+04 3.304336611869515036e+04 9.056221461158740567e+03 8.736965212963084923e+03 4.555515540293912636e+03 -2.354785242286016000e+03 -1.001754075548116816e+03 -1.715937938549972023e+04 -3.391235246988449944e+03 7.604890599230019689e+03 7.392941410491889656e+03 3.228924373539601947e+04 6.217893727215501713e+03 -1.251899039334122790e+03 7.369554159015911864e+03 6.323535109322081553e+03 9.704043621403659927e+03 -1.433691922931437148e+03 8.546958379063318716e+03 -1.626723666433784638e+04 8.930891748797643231e+03 6.573167365394096123e+03 7.380551675656525731e+03 -6.657900654076020874e+04 1.009507563174099778e+04 7.718361238452169346e+03 3.166317856977013435e+04 7.322782579413178610e+03 8.633651786624017404e+03 -1.533650316233138437e+04 -1.580752338705069269e+04 3.249313329733119463e+04 -1.642203191194075043e+04 1.275203610075687175e+04 1.065871453311343794e+04 2.208534600063721882e+03
9.162915933155018138e+03 1.305572984150896082e+04 1.141501520382103627e+04 8.386826804856333183e+03 6.888836967763206303e+03 6.566284296491678106e+03 1.055681985549957608e+04 1.080297887303077732e+04 -3.985993567756637640e+04 4.044132014095346676e+03 -4.380055553403188242e+03 9.422674917659285711e+03 7.573813234727545023e+03 1.016430921401319210e+04 -9.934699884641420795e+03 9.930365078503760742e+03 -2.124126359702373065e+03 -1.485290977746684803e+03 7.086101330740872072e+03 -1.461943098895791445e+04 9.646939820625382708e+03 1.671108213576910202e+04 7.167634163939888822e+03 1.225581968017623876e+04 -1.312442464956591721e+04 5.865199601185071515e+03 6.683481958635646151e+03 -6.397196867668506457e+03 7.941013123651681781e+03 7.175243066330731381e+02 -2.546883594709615500e+04 9.788556091232720064e+03 -1.289364411185632343e+04 1.204033973535292898e+04 7.210093539555120515e+03 8.511173769857297884e+03 4.822201124687242555e+03 1.064934468395964359e+04 1.027082359625541721e+04 1.760412864663237269e+04 -4.445918147402703369e+01 9.299013417241658317e+03 1.338763378771257703e+04 4.924165230104263173e+03 9.389397746355767595e+03 -3.988378176678791351e+04 -4.143639390227552212e+04 1.013558542133451556e+04 1.089786374675531988e+04 8.860458672197099077e+03 4.970904036209482001e+03 3.298211438454659219e+04 6.011749646461284101e+03 -4.192617234990882571e+04 1.045795955766321276e+04 1.273320428244353388e+04 1.034117994497765903e+04 8.148472901899862336e+03 1.002617820876420592e+04 6.202546940669912146e+03 4.020727117898752476e+04 3.557726098928556894e+04 -1.007577658617447014e+04 4.313468333771947073e+03 8.867709753797391022e+04 3.462912077196923201e+04 -6.394038729785829389e+01 -1.793576305618014885e+03 8.674151121312315809e+03 1.035599817736589466e+04 9.727924275641824352e+03 3.922025873286621209e+04 2.665011163310957636e+04 -1.963884451417202945e+04 9.631502120988157913e+03 4.985583869337599026e+03 6.120134647352184402e+03 -2.177011169112724019e+03 1.126905368896343862e+04 9.697519769800390350e+03 1.016719060037520831e+04 7.129422331963229226e+03 1.024217331024122541e+04 -1.601697938280067865e+04 8.704877114639180945e+03 1.034738991001204704e+04 -1.945361815171639319e+04 6.488116859062138246e+03 9.313651091893698322e+03 5.902320208260352956e+03 1.100783473594722454e+04 1.005024522965357755e+04 7.869458926892402815e+03 9.065708396775362417e+03 1.126431628681116854e+04 -2.632816076074893863e+04 -1.339963606886888738e+04 9.421315851008082973e+03 1.034376164568917011e+04 9.800825867910432862e+03
7.599061969372007297e+03 1.141501520382103627e+04 1.820412959222408244e+04 -3.260374043163348688e+03 -1.645349410180325503e+04 1.025869296913364087e+04 1.114855758881152724e+04 6.126943424294266151e+03 7.513512558594840812e+03 1.139409760135368560e+04 1.228634798982882057e+04 6.995823051923449384e+03 -1.585577624354089494e+04 9.822294643038447248e+03 -1.625445207466508145e+04 8.174751663895818638e+03 -1.627251812431337930e+04 1.127595993701231782e+04 8.997570015655393945e+03 -1.531003901688083533e+04 -1.842478788824050571e+04 1.006664747336928849e+04 1.166428075857230579e+04 6.719958472629572498e+03 -1.400820444953205879e+04 1.082894426095628296e+04 8.537834343879047083e+03 -1.395593595656609978e+04 1.477023230603610955e+03 1.082143033042227034e+04 -3.924700875640548475e+04 1.064541717211672221e+04 -1.542690109515978838e+04 8.555326570801931666e+03 5.624750492633815156e+03 3.563863267270897632e+04 1.114201458007798647e+04 7.770561553986306535e+03 5.231922353187139379e+03 9.172119505049224244e+03 9.203045452215272235e+03 6.998637384057539748e+03 1.012311616990857874e+04 1.061069570835915511e+04 5.792762176337215351e+03 6.542364730508561479e+03 -2.826492219404018761e+04 6.212380077396082925e+03 8.014889442946325289e+03 9.535772387207980501e+03 1.113545013476864551e+04 8.408560638177703368e+03 -1.857602940080265398e+04 -1.722761393568041240e+04 8.133483842978748726e+03 1.014714993539315765e+04 8.160370425273227738e+03 1.103131659435716574e+04 1.049509823406444048e+04 1.026763156839043950e+04 1.026151890643642400e+04 7.490319841123680817e+03 -1.208697386804825510e+04 3.414654148808000173e+04 -4.256777254804391123e+04 -4.089974268521070189e+04 1.087487083085489576e+04 1.112833024750699406e+04 -3.324923242609453155e+03 2.157202970074053155e+03 1.085885776939199422e+04 8.987792373839329230e+03 8.528416264572292960e+01 5.867334560479970241e+04 6.744845778297348261e+03 1.165164956121196155e+04 3.297093060017907555e+04 7.478349272032763110e+03 8.042110782884556102e+03 5.632683947365294443e+03 1.031100202184126829e+04 4.632981355444091605e+03 9.922327108745957958e+03 -1.645489432986433894e+04 9.857680804144154536e+03 7.304285628358396934e+03 5.912964421870933438e+04 1.075165619939242606e+04 1.015264294721980696e+04 1.381103175658296095e+03 5.414642902197811054e+03 8.116399576732452260e+03 1.002992427249302273e+04 -6.331535148869342811e+04 9.631282685253332602e+03 -4.072529404539968527e+04 -6.380032387037183798e+04 6.750773852350685047e+03 9.836094519998441683e+03 5.808076741439785110e+03
3.418851109289127635e+03 8.386826804856333183e+03 -3.260374043163348688e+03 1.644552868762221478e+05 -7.161183548585016979e+03 9.222448728402639972e+03 2.815816704196175124e+04 -2.779181208922964288e+03 -4.136305693035460718e+04 1.342853277918932145e+04 7.484711861691932427e+03 3.617312816158281203e+04 1.626220574497682355e+04 9.008631813497777330e+03 -1.141364615340388264e+04 -3.414707597290602280e+03 -5.489485179667645752e+03 1.060935782020867919e+04 2.229333606670023437e+04 3.646118771426801686e+04 -8.677684546268981649e+03 3.650963461123363231e+04 1.146341084862829302e+04 -5.269512080150161637e+03 -1.861006421837068046e+04 9.007568914973671781e+03 1.038067909198396956e+04 -1.848793149197238381e+04 -2.235500141775837983e+04 1.032774429360547219e+04 3.756684681860034470e+04 -5.365669550986475952e+04 6.607929222463193582e+03 -1.251424379949167331e+02 2.832252977050998743e+04 -3.810700583162884868e+04 1.000010153775339131e+04 1.075415430440058117e+04 -5.491874050739202357e+04 7.975134094340290176e+03 9.204839901219616877e+03 1.020329544172671740e+04 -4.049360121512290789e+03 9.368774375566776143e+03 -1.783659551636752440e+03 1.086004627178193186e+04 2.543310612438854878e+04 2.786073170784424292e+03 2.673223940026509808e+03 3.028363795112417574e+04 1.061952577343260054e+04 -1.520494956212720717e+04 -1.642395675002905045e+04 -4.231636840453656077e+03 2.607403517585742520e+03 -3.369852038244222058e+03 -3.572579296686191810e+03 8.699595004822622286e+03 8.290477583599771606e+03 8.800330130047659623e+03 -1.513615225750810350e+04 1.021571525772058521e+04 -1.768949231336961384e+04 7.961512690144871885e+04 -4.229094181114695675e+04 -4.432018185988142795e+04 9.537201542704860913e+03 7.172964764139178442e+03 5.616311426017928170e+03 6.243828640739928233e+03 9.074112037918821443e+02 -1.554154897644414450e+04 -2.654429493994775112e+04 5.584399526100886578e+04 -1.309900887390642310e+04 8.108852787130075740e+03 8.092121691272781754e+04 1.222367425831270521e+04 2.690966012608754681e+03 7.392150293691578554e+03 9.112738465735252248e+03 -4.625364776278175123e+04 8.421272059769864427e+03 3.392836832799905096e+04 8.206021793450723635e+03 9.813791826850298094e+03 -2.085260904955069418e+04 8.780077677412453340e+03 5.737284438190545188e+03 7.953536827311666275e+04 -3.045888780358684016e+03 -5.505574801218118228e+04 1.161386598554303055e+04 -6.812482379886209674e+04 8.059693483007635223e+03 9.957063755212846445e+03 -6.879515025352202065e+04 6.970150723596598255e+03 -4.254827801165338315e+04 -2.351967790311638964e+03
-5.771742788424220635e+03 6.888836967763206303e+03 -1.645349410180325503e+04 -7.161183548585016979e+03 1.879834556058737144e+04 1.047350412878738098e+04 -1.694582998682602192e+04 -4.389268967531906128e+03 -1.606772109465996618e+04 -1.379990800975120510e+04 -1.226401107276740368e+04 -1.627881092834143783e+04 -6.100509111368382037e+03 8.604882359243643805e+03 -2.818723388862001593e+04 -1.615802980281735654e+04 -6.146589170290014590e+04 9.857731533518706783e+03 -1.541607632108635153e+04 4.547688477057748969e+04 -6.261480337292240620e+03 3.388437948319008137e+04 6.573740489633469224e+03 -5.176754403617669595e+03 -3.705034384069635416e+04 -1.292180889745286549e+04 8.043302868958277941e+03 -7.715245863490794136e+02 -2.857719509424964781e+04 2.052410929416650470e+04 -2.615555182740724922e+04 6.921026547563908935e+03 -1.305051638849030132e+04 -4.022114289288845612e+03 -4.335877572006982518e+03 3.234141980897141184e+04 -1.240300432572464342e+04 -2.897366700787885929e+04 -1.689072988557021017e+04 -3.465221636143949581e+03 1.990373628482846107e+04 -1.524955629491384025e+04 -1.619838534073389019e+04 -1.483112157705097343e+04 -4.627416083630610956e+03 8.945689313019189285e+03 1.043698744718686794e+04 -5.957799786926683737e+03 -4.969205128677625908e+03 -1.233514494550178642e+04 -1.077219201456892188e+04 8.981317919965547844e+03 -4.512566320132748842e+03 -4.119112351121968095e+04 -1.662453931431888486e+04 -1.721579829253672506e+04 -1.684594428664582665e+04 7.283205579003034472e+03 -1.449023199925429071e+04 -1.265226314188583638e+04 -5.432704241521161748e+03 1.210098766076055472e+04 -1.213111770188386436e+04 -6.594436307751858294e+03 6.170137750195985973e+03 -3.875339930201302923e+04 6.268545003508864284e+03 -1.035192263701322372e+04 -3.894362344910527463e+04 -3.848307446422471548e+04 1.913577712901187624e+04 -5.249317775977280689e+03 -3.102173468726917054e+04 -6.009636803716651048e+04 -1.509824103317438312e+04 -1.059641344081002171e+04 2.237182835328923102e+04 -1.763139980436532642e+04 -4.283353005487701739e+04 1.788634809270100232e+04 -1.283752720730609144e+04 -6.477134678519777663e+04 9.169731605075945481e+03 9.341012510188418673e+03 -1.407363640038619633e+04 -1.557251730622301693e+04 2.184544672975504727e+04 -3.004154335870117052e+02 -1.400754453787623788e+04 1.159700950372935586e+04 -2.207467971088801278e+03 9.970569695628893896e+03 -1.652716773885997827e+04 -1.473792151508058305e+04 -2.571473488293538685e+04 9.874442970872420119e+03 -1.474523428313757177e+04 -6.855769927809451474e+03 -3.946005508108573849e+04 -2.093628375629399670e+03
9.186250227441574680e+03 6.566284296491678106e+03 1.025869296913364087e+04 9.222448728402639972e+03 1.047350412878738098e+04 1.038600468383642146e+04 9.982003758322942303e+03 9.122871343180100666e+03 -3.875649714202228643e+04 1.110649753337030415e+04 9.791963925099495100e+03 1.055735701899093692e+04 6.462579030950269043e+03 9.750934590770426439e+03 1.063071908335824810e+04 9.085611334762099432e+03 -1.582308257864141979e+03 3.874030697021196829e+03 1.020996465772626107e+04 -1.478134863202906672e+04 9.476534691537293838e+03 1.512046399155029212e+04 7.256961394245299743e+03 1.017475415384073858e+04 -1.269425297424240853e+04 5.620030106221820461e+03 4.705699133246700512e+03 -1.427980628091326798e+04 7.307434560842527389e+03 1.277728308472141663e+02 -2.578422631745579929e+04 9.936134889419685351e+03 9.233534687766368734e+03 9.973173636642779456e+03 1.036219610490326886e+04 4.448603495169681992e+04 9.845297934143367456e+03 1.259480657202334260e+04 1.130683274810531293e+04 3.255649875151896413e+04 5.702246687857928919e+03 9.220515423335629748e+03 1.187154657880545710e+04 5.750504599551233696e+03 9.887123763772222446e+03 -3.958213576682824350e+04 -3.950694977161176212e+04 8.562685389136458980e+03 1.144017592957851593e+04 8.382898197990405606e+03 5.711002989545959281e+03 8.075019951050664531e+03 5.182204100155918240e+03 -7.991300839214870393e+03 1.065865797300127451e+04 1.104017644016773556e+04 1.018968389895049040e+04 2.323472385759960162e+03 1.487749217086427961e+04 5.219432126733037876e+03 1.157421955091648852e+04 -3.884325402943305380e+04 -5.890366207845014287e+03 1.067637378851187532e+04 8.273853886458279158e+04 -2.562733874406180621e+04 4.894240055899630534e+03 -3.143297345967468573e+03 8.863708575089025544e+03 8.418817204459133791e+03 8.775993247816833900e+03 1.161852087728914921e+04 -6.363016991700492508e+04 -2.042886418510551448e+04 1.110507134529174618e+04 4.707354806869785534e+03 5.913497306630510138e+03 3.024086275176489289e+04 1.008148812605676358e+04 9.056597414426069008e+03 8.364624350646074163e+03 1.025313806456190650e+04 9.045909330443042563e+03 -1.562363341453372959e+04 8.079433685362833785e+03 9.487415897532860981e+03 -1.950809003666645731e+04 -8.298622393631085288e+02 9.154542603724199580e+03 9.097323595324094640e+03 9.419484965431998717e+03 9.738997832881781505e+03 8.368981502123671817e+03 -1.269807450514423545e+04 1.113640511072476511e+04 -2.655799335430263818e+04 -1.289401088997951592e+04 8.838084491814981448e+03 1.012561449696173077e+04 1.018212913249761914e+04
6.308535026314231800e+03 1.055681985549957608e+04 1.114855758881152724e+04 2.815816704196175124e+04 -1.694582998682602192e+04 9.982003758322942303e+03 1.923454419370839605e+04 7.217761548264446901e+03 7.256794393498013960e+03 1.101974303714514826e+04 1.041069305767634069e+04 8.799943453588086413e+03 -4.158439723187356140e+04 1.072437428745770012e+04 -2.918207076925289584e+03 2.757653245293041255e+04 -3.840730432885984101e+03 9.063640784182149218e+03 5.655492598979297327e+03 3.372986322729990934e+04 -1.840938445760353352e+04 -1.477366529392774100e+04 1.024556139783796971e+04 7.316229141546908068e+03 -1.512155599505125429e+04 9.842564381345669972e+03 1.078243912186895614e+04 -1.301109009238934959e+04 -9.300855953851068989e+03 -1.586198987655292149e+04 1.088587074840490823e+04 -1.554008128537840093e+04 8.429271694128896343e+03 1.981198055162159289e+04 7.457419235489825951e+03 5.687028579794773395e+04 1.099486881304302369e+04 9.557368818049813854e+03 7.055087114302936243e+03 8.262851311314565464e+03 3.066278330690571602e+04 6.593571081622998463e+03 -1.762018688828393920e+02 -1.361215178612756426e+04 7.181890522409725236e+03 6.783290453102934407e+03 -2.819304814347232968e+04 6.640600415089662420e+03 -1.858215939330353285e+04 9.983918284519138979e+03 -1.326497419736298616e+04 -3.648659016347926809e+03 4.787661594993150175e+03 -2.930316657456690882e+04 1.544565576710895948e+04 -5.672380622015502013e+04 1.064373422133133863e+04 1.222766952180632506e+04 -1.301164859010322834e+04 1.003797867413566564e+04 -1.379611739253203268e+04 -6.557528411207142926e+04 -3.976652220721865888e+04 1.925413997790339636e+03 9.279460296875360655e+03 3.392522334597122972e+04 1.117819682357230340e+04 1.272735853709143703e+04 -6.428590372618928086e+02 1.214493878674984018e+02 -1.786519284050210263e+04 -1.529204979324105079e+04 -3.325934485293430043e+03 -2.762641387257023598e+04 2.041078492313595052e+04 1.006256613816463505e+04 2.586148279576161440e+04 9.548262041983689414e+03 6.715636390197585570e+03 9.386879316165606724e+03 -1.371836964513963903e+04 3.603994536394597526e+04 1.042930092141267960e+04 -2.823025504059697778e+04 1.003742133465086226e+04 6.451543916643160628e+03 9.690598778119956478e+03 -1.239518048608905519e+04 9.435809000449749874e+03 2.676738810590719368e+04 7.354554683609429048e+03 -3.363815661304135574e+03 9.691157133193250047e+03 -1.719779261110301013e+04 -1.556470381053021993e+04 -5.268717669792920060e+04 -1.762541762636924977e+04 -1.596348175973209436e+04 9.709460128910403000e+03 -1.805424435094880755e+04
9.431490397145535098e+03 1.080297887303077732e+04 6.126943424294266151e+03 -2.779181208922964288e+03 -4.389268967531906128e+03 9.122871343180100666e+03 7.217761548264446901e+03 3.795582327486145368e+04 -1.841405800034149433e+04 -1.298386457225165213e+04 -1.371564216674442287e+04 8.191534015520039247e+03 -1.789326863968695397e+04 8.557225128210644471e+03 -4.086166459497500909e+03 7.265180780616152333e+03 -3.955038211238148506e+04 3.207313752008387382e+04 -5.618999866788712097e+03 3.251262340215270524e+04 -6.327145015710470034e+03 8.684825415988947498e+03 3.333037970583112474e+04 5.827154645987349795e+03 -3.812268335150319035e+04 1.082628845663138782e+04 1.029095575818841462e+04 -1.644950646792768384e+04 -1.809904675585447694e+04 -1.239478943559777690e+03 2.197631203959559207e+04 -1.477804908382936264e+04 -1.424331719264897401e+04 -6.238064580406498862e+03 -1.820380570783323492e+04 -5.529432470533698506e+04 -1.550664072825803305e+04 -4.272324738302621699e+04 7.183142176307301270e+03 -2.963895203190360917e+03 1.010174913922933047e+04 4.635556495983648347e+03 -4.281078092241827108e+04 6.336030543858832061e+03 7.440386508496972965e+03 6.885613893342699157e+03 -3.199624189038834811e+04 4.494126861221651779e+03 -2.186146756063651992e+03 -2.710003409154218389e+03 5.585979792353412449e+03 2.024252861081873561e+04 5.208233730009472310e+03 -5.121273636614109273e+04 -4.979345213469554437e+03 -1.709078849253940280e+04 6.748649360610666918e+03 1.038935351745554362e+04 -1.654045737593664671e+04 9.591241228185157524e+03 -5.667705010569449223e+04 1.995697254131054069e+04 7.707540286265028953e+03 -2.406784523584233739e+03 1.029765231979687815e+04 3.370410412983459537e+04 9.251168304233375238e+03 1.237056200307563995e+04 -2.108773888370904024e+04 -2.705172025242584641e+04 -4.846743831312720431e+03 5.558185983845527517e+03 -5.579956127530224330e+04 -5.548141332253298606e+04 -1.510946618985987152e+04 1.311995415035498445e+04 2.952221972061292763e+04 3.009169994397246774e+04 -1.652066168683065916e+04 2.899077652327594842e+04 6.903599668862013459e+03 -5.387337276982404001e+04 -1.417203612694953335e+03 -2.905720091931595744e+04 9.421675755950185703e+03 4.484935244875523495e+03 2.872940163537396074e+04 1.937043059979909594e+04 -1.196311158575554146e+03 1.059016806999716209e+03 6.605761996645975159e+03 -2.155123751454491867e+03 5.476840606390062021e+03 -6.525537626838748110e+03 3.078527816988592531e+04 8.758248828700307058e+03 -5.819203046451759292e+03 -4.278298906639654888e+03 -1.643106661910700495e+04 -4.767258163672377123e+03
1.098834421008688514e+04 -3.985993567756637640e+04 7.513512558594840812e+03 -4.136305693035460718e+04 -1.606772109465996618e+04 -3.875649714202228643e+04 7.256794393498013960e+03 -1.841405800034149433e+04 -8.080487790298051550e+04 -4.039812317629418976e+04 -2.489941361391525061e+04 8.034916123711998807e+03 8.333381494348432170e+03 -4.110320033432151831e+04 9.778638272922980832e+03 1.099098614573528175e+04 -1.482983543501744862e+04 -3.808155596921294637e+04 2.202779070429925923e+04 -2.679845895668099911e+04 5.299327750877971994e+03 3.242735348532957141e+04 -2.634097246519922555e+04 9.628926697601127671e+03 -5.169170490255467303e+04 3.389472774424173986e+04 -3.997513899279180623e+04 -5.135152379245198972e+04 -1.710724763210347737e+04 3.538476404471092974e+04 -1.509568186156153206e+04 3.382570401422635769e+04 -1.793111375885520829e+03 8.645737575579929398e+03 7.419294329115684377e+03 -2.808464336459878177e+04 -3.939208620514515496e+04 9.633944149146351265e+03 7.362962302061292576e+03 -3.946263855239916302e+04 -4.091573718215040572e+04 9.251731313081952976e+03 9.050739755949500250e+03 3.423360638860941981e+04 7.134409466121840524e+03 -4.126959463063608564e+04 -1.210488234495818142e+04 9.642765574951219605e+03 8.466870138318772661e+03 3.398132023814835702e+04 3.395464163556930725e+04 -4.260935453082881577e+04 -4.373477885342153604e+04 -4.667528774745115697e+03 8.029870756918127881e+03 -2.857427035018223614e+04 7.964702155167731689e+03 -2.641125053338873477e+04 3.422263084849019651e+04 3.363419078319289838e+04 1.021621166384642129e+04 -5.480768206197377003e+04 1.092011909712621127e+04 -3.802563393830395944e+04 2.744320807032615994e+04 3.482174180520747905e+04 -4.105431750145721890e+04 3.694283578930285876e+04 -4.136409857353176631e+04 -3.428175331086367078e+04 -3.978470920411571569e+04 1.050262748005383764e+04 -3.932586919092833705e+04 -9.227871334029798163e+03 1.020778590019841795e+04 3.568856576622699504e+04 1.933884784732715343e+04 -3.982675709329619713e+04 1.029638911210608785e+04 9.595807391964393901e+03 3.444764524224729394e+04 -3.943669729874264158e+04 3.426123288190973108e+04 -2.741172531206141502e+04 9.951943389892141568e+03 -4.403558323318212933e+04 -1.431237282885747845e+04 3.625845213923652773e+04 3.507962541576896911e+04 -3.686662476369812794e+04 7.689272064461867558e+03 -6.559860083238761581e+04 -1.452257279982368345e+04 -5.490149599330108322e+04 3.331006661875036662e+04 3.481190309965846245e+04 -5.575770830228347040e+04 5.955816898976947414e+03 1.054738717563220416e+04 7.785299493933591293e+03
1.002614795746331220e+04 4.044132014095346676e+03 1.139409760135368560e+04 1.342853277918932145e+04 -1.379990800975120510e+04 1.110649753337030415e+04 1.101974303714514826e+04 -1.298386457225165213e+04 -4.039812317629418976e+04 1.833896956902282545e+04 -5.335695677785843145e+02 9.346015958264033543e+03 -1.279841470314047183e+04 8.123394808836776065e+03 9.989786899519798681e+03 1.009338063018352841e+04 -4.594006504414887786e+03 8.932215460207808064e+03 9.988766441235813545e+03 -1.859325740394256354e+04 9.646805538749817060e+03 7.670046862629737007e+03 -2.221077179959684713e+02 1.072219656931192731e+04 -1.410281068117773975e+04 9.667109299896779703e+03 -2.040098022256483091e+03 -1.590299555365412380e+04 -1.366031228738228674e+04 5.381958644425991224e+03 -3.019697378841954560e+04 3.253897118537285860e+04 -6.733211112748253800e+04 1.031540416708172415e+04 1.018928607243442093e+04 -2.559652527371858014e+03 8.561151612185436534e+03 -1.291594412374167587e+04 1.080309124480889295e+04 -2.371156786034320248e+03 1.097904253680867259e+04 1.084381141587489401e+04 1.061420774555535172e+04 9.874158241747441934e+03 1.026253256461632554e+04 -3.874813169962893880e+04 -3.807037491438612051e+04 1.096401822623753105e+04 1.122059964219716494e+04 1.155883715921037947e+04 3.523552362411777722e+03 1.001100361974773114e+04 1.779698511436832632e+04 -8.943502650997887031e+03 3.374134263291088428e+04 1.024065635446694796e+04 1.094893956101455842e+04 -1.128170145051990403e+03 8.435578053678880678e+03 1.120726489786573802e+04 1.157277856714607333e+04 -5.150045800638273067e+04 -6.692133620905195130e+03 1.109332063861333882e+04 -3.858924469607387437e+03 3.236568458408353035e+04 1.096536070552052115e+04 -5.899305901187908603e+03 1.058379580624078517e+04 1.035800786320355837e+04 1.011532839449078892e+04 1.135112166397043620e+04 -6.819235675659849949e+04 6.728568279305188298e+03 -1.224654343816122855e+04 9.913872061302448856e+03 5.117870251408341574e+03 -2.864028862276551081e+03 1.081795211108544027e+04 1.127814837174818967e+04 8.359247158303420292e+03 1.014254990203076159e+04 9.462436623218032764e+03 -1.986128966963644416e+04 1.041803106482283329e+04 9.198649445173825370e+03 -1.577772155194493826e+04 -2.488841350220580352e+03 7.790563992277282523e+03 1.063872761576020275e+04 1.029332698972945218e+04 -1.330587414709987934e+04 -1.705055574599045212e+04 -1.377974850447053905e+04 3.415267004349519993e+04 3.878787071272407775e+04 -1.431406524541924591e+04 1.017768100087487255e+04 9.443385198756615864e+03 9.491561917033541249e+03
1.108503209293962573e+04 -4.380055553403188242e+03 1.228634798982882057e+04 7.484711861691932427e+03 -1.226401107276740368e+04 9.791963925099495100e+03 1.041069305767634069e+04 -1.371564216674442287e+04 -2.489941361391525061e+04 -5.335695677785843145e+02 -1.068935481300089450e+05 7.882055888640257763e+03 -1.295231996654483373e+04 6.693411240719753550e+03 7.137305597767880499e+03 1.240399399929356878e+04 2.024131215133419119e+03 6.732999315890774596e+02 1.029072328405969893e+04 -1.355630176183748517e+04 1.349698744592958246e+04 1.839938093281400506e+04 -1.316307445086044027e+03 1.250746428517767345e+04 -8.494260431606759084e+03 8.833205477279174374e+03 -5.379738315165479435e+03 -4.032985548701573862e+03 -1.209180390856644954e+04 -4.256328128188353730e+03 1.702363291321651195e+04 3.573700412072119798e+04 3.523246102763684030e+04 1.187905569467184250e+04 -1.734556500147533370e+03 1.029714003257875447e+04 6.456542555508494843e+02 -1.950606956796298618e+04 8.844345908307965146e+03 -1.477602381781180156e+03 1.994468052806827473e+03 1.100619453351807897e+04 1.124029259599981015e+04 6.980775786085549043e+03 1.147017151639660005e+04 3.537184975960993324e+04 1.096039222968139802e+04 1.051658436989926849e+04 1.196476032465559547e+04 5.355159969945001649e+03 7.124459844870987581e+03 1.229127074841925059e+04 2.163881933672977175e+04 -1.055043812701763727e+03 9.076486369301128434e+03 1.060522165488408064e+04 7.578352583124797093e+03 -1.772301919265155448e+03 5.654132624189864146e+03 1.961439227496768581e+03 4.551488600023585605e+03 1.071656998072427814e+04 -9.938805002967332257e+03 9.477405042699101614e+03 1.201686466792683932e+05 3.016098560276863282e+04 1.713707631993602263e+03 -1.180042296200495912e+03 9.490693046826432692e+03 9.563515572231757687e+03 1.243421830000684713e+04 4.553388205687078880e+03 8.115497294084449823e+04 2.023607581049548025e+04 -2.447929406889106031e+04 5.686872581057745265e+03 2.871128915217024769e+04 3.911120831517288025e+04 1.267079405289658462e+04 1.036112627315663849e+04 -6.235656165829568636e+02 1.000888786780324881e+04 6.042153280088241445e+03 -1.393473222544863347e+04 1.102908172731337254e+04 8.661234139331179904e+03 -4.977820496611733688e+03 -5.600047362418350531e+03 5.068077365967939841e+03 9.742505840303871082e+03 1.142784168586650048e+04 -1.360995033677990432e+04 -2.050069131678107078e+04 7.029519157821959197e+03 3.648521191876166995e+04 2.347357737997223740e+04 -1.575271844633805449e+04 9.071201771375286626e+03 9.175000182398158358e+03 1.037747491441530292e+04
6.318274588130909251e+03 9.422674917659285711e+03 6.995823051923449384e+03 3.617312816158281203e+04 -1.627881092834143783e+04 1.055735701899093692e+04 8.799943453588086413e+03 8.191534015520039247e+03 8.034916123711998807e+03 9.346015958264033543e+03 7.882055888640257763e+03 1.731220904115872690e+04 -4.082087334759297664e+04 9.865332856604392873e+03 -3.555117005628970219e+03 2.680269445004751469e+04 3.364161382746977324e+04 1.000417682649244671e+04 5.751512829876999604e+03 -1.579558514746166293e+04 -1.742528388743798132e+04 -1.515075835561795975e+04 1.178511269799483125e+04 6.956659047803404974e+03 -1.508129757658342714e+04 9.554462521491135703e+03 9.650302855579677271e+03 -1.389634385529949213e+04 -2.276278151916368370e+04 -1.336167535998809035e+04 -2.658634003178197236e+04 -1.530381272944851662e+04 -1.634666788754283334e+04 1.868175955249247636e+04 6.237445381587865995e+03 9.752161205154407071e+03 1.093894353573539411e+04 9.548764036199572729e+03 6.649529584667208837e+03 -1.176873726896799053e+04 3.160956876284321334e+04 9.245398973581875907e+03 -1.143248516807769192e+03 -1.400266999105780269e+04 1.055597345166702871e+04 8.310602739764872240e+03 -2.549205701338014842e+04 9.433138399820338236e+03 -1.959215021430465276e+04 9.285577172039571451e+03 -1.544998978082599933e+04 -3.528994463855837239e+03 -4.517570198767875240e+02 -2.716944713489289279e+04 1.849841825533629890e+04 -5.687905803057439334e+04 5.952984601199190365e+03 1.145726945970908855e+04 1.055130289286517655e+04 9.951383847496967064e+03 -1.423751644957109238e+04 -6.659326868146545894e+04 -3.832057302307660575e+04 9.248425812224420952e+03 8.502690801860328065e+03 3.417611063574210857e+04 7.876578277385357069e+03 1.047565407847383176e+04 -2.434009740816865815e+03 -1.014979166321892990e+03 -1.961076260008147801e+04 -1.479144600337135489e+04 -1.166795138367867912e+04 5.375008465833311493e+04 7.490659023270657599e+03 8.901872563652257668e+03 3.101882296445844258e+04 1.008727128168151830e+04 5.753535813424299704e+03 7.534471078565838980e+03 -1.379835299682381446e+04 3.558305436208536412e+04 9.381620820409181761e+03 -2.852787927066701741e+04 9.373726324718940305e+03 8.656980705882917391e+03 2.416681819061463557e+03 -1.427794706447652425e+04 9.643299754946056055e+03 3.242667719227140333e+04 9.833357718765299069e+03 -3.423489927706745220e+03 9.334983528779383050e+03 -1.424207815527587081e+04 -1.571637312707907404e+04 -5.265923442343510396e+04 -1.464169241776454146e+04 -1.777556477225988056e+04 9.842418172293837415e+03 -1.543863449751815642e+04
1.423137106726383172e+04 7.573813234727545023e+03 -1.585577624354089494e+04 1.626220574497682355e+04 -6.100509111368382037e+03 6.462579030950269043e+03 -4.158439723187356140e+04 -1.789326863968695397e+04 8.333381494348432170e+03 -1.279841470314047183e+04 -1.295231996654483373e+04 -4.082087334759297664e+04 1.402421489102150190e+04 9.148510198908572420e+03 -4.138291176251086290e+04 -1.618830923096413608e+04 -3.766216897410849924e+04 1.042159399756015591e+04 7.485234997827275038e+03 9.222764642913389252e+03 -4.253943280998940463e+04 1.911885862460145290e+04 6.808054630773788631e+03 1.815002462709946121e+04 -3.734774130367158796e+04 7.074432270939177215e+03 8.130018182296952546e+03 -2.527015935969824113e+03 -9.263205390668759719e+03 8.477020013165374621e+03 3.469658761013177718e+04 2.008404499280610617e+04 -1.443175310856147553e+04 -1.518063044044512208e+04 -3.969821150698556448e+04 -4.341912008300404705e+04 -1.318689083250096883e+04 -1.494503151673122193e+04 -1.733138090276296134e+04 1.009397398514085762e+04 -1.271387002499445225e+04 -1.500510162317423965e+04 -1.816435718172666384e+03 7.623615953000909030e+03 1.529376787360263370e+04 5.835844850806082832e+03 -4.063348777428529866e+04 1.430114390415390335e+04 1.632973373442580305e+04 -1.310286626428595628e+04 7.400784439316666067e+03 -3.384255113343213452e+03 -2.918793839632763411e+04 -1.641316709557017748e+04 -1.720937564820094849e+04 -1.516220202020785655e+04 -1.620859582753895666e+04 6.976321379360458195e+03 8.267014900335756465e+03 9.142116691431676372e+03 8.566025607473862692e+03 -1.515226277331306483e+04 -3.201252643979439654e+03 -1.159479921770791407e+04 -1.790516227498973603e+04 -5.224001473387125588e+04 1.043237779060722642e+04 -1.569016994827750023e+04 1.545695998661936574e+04 -7.341078862188820494e+03 1.689889977582236315e+04 -1.281746954999348964e+04 -2.638583983244790579e+04 -1.063535119563555963e+04 8.146536780969886422e+03 8.821532268673827275e+03 2.215774506325525726e+04 -1.283319629020473803e+04 -1.777048270763034816e+04 -1.478667918409357662e+04 9.254233453296770676e+03 -1.844663998957021977e+04 -1.336648995951234247e+04 9.841084989018301712e+03 -1.313157080540011520e+04 -1.434373468745729770e+04 -1.146766921161795653e+04 8.861296988070656880e+03 -1.398108666360794450e+04 -1.164587741480438854e+04 1.888734076537163492e+04 5.245022056783264816e+03 -2.796013503900959040e+04 5.493780751916295230e+03 2.000706635869079764e+04 3.222931722175580944e+04 5.537866516888788283e+03 1.387102433902834855e+04 -1.495739547368927742e+04 1.794340370664717193e+04
9.210572934465977596e+03 1.016430921401319210e+04 9.822294643038447248e+03 9.008631813497777330e+03 8.604882359243643805e+03 9.750934590770426439e+03 1.072437428745770012e+04 8.557225128210644471e+03 -4.110320033432151831e+04 8.123394808836776065e+03 6.693411240719753550e+03 9.865332856604392873e+03 9.148510198908572420e+03 1.754594126362825045e+04 -1.369439380106559838e+04 9.483562656196329044e+03 -6.875008413056196332e+03 9.835141069983626949e+03 9.093729782965529012e+03 -1.463882165684531901e+04 8.275042717912729131e+03 7.536605468681576895e+03 5.194200239132653223e+03 9.975955143669183599e+03 -1.509645044184426661e+04 1.081223022611954366e+04 1.172598557724387501e+04 -1.565684735666911001e+04 7.370813803625008404e+03 5.054944526506151306e+03 -2.555526561259086520e+04 8.984136910365457879e+03 -4.267456275250267936e+03 1.113648205861405586e+04 8.773133303534734296e+03 -9.335665402211889159e+02 8.105000860912288772e+03 1.043447552766420995e+04 1.058637699898381834e+04 -1.402964906187306042e+04 1.082168259189234232e+04 9.672328636752004968e+03 1.034456424325102125e+04 9.685418482285487698e+03 9.929470379885780858e+03 -4.000209164600334771e+04 -4.015566491798106290e+04 9.996925777315656887e+03 1.099656639294282650e+04 1.146761246566803311e+04 1.053191685538881575e+04 3.097505625614681776e+04 6.510628312112478852e+03 -3.856872870918779518e+04 1.065572046276883339e+04 6.970323598915274488e+03 1.094466915922568296e+04 -1.095428573190671159e+03 1.140021993915413623e+04 9.855092104336741613e+03 3.222183706073527719e+04 3.389706161093016271e+04 -6.974927417884086026e+03 9.107365952856402146e+03 1.735217313182103680e+03 3.277078241939519648e+04 1.083683627041851287e+04 -5.266999777012009872e+03 9.715075432540412294e+03 9.995694850405241596e+03 9.206486529862071620e+03 3.206475541200274165e+04 -9.017279425546963466e+03 3.162278304037352882e+03 4.320012187780527711e+03 1.006620284608801012e+04 8.314453988955850946e+03 3.826896193179948114e+03 9.762055144691403257e+03 1.044345071449552779e+04 8.731829311324778246e+03 6.539711138776998268e+03 8.910424469226534711e+03 -1.818020838675163031e+04 1.109899942974330042e+04 1.057342550310355728e+04 -2.049772449141039397e+04 -1.470711103863519384e+03 1.127705974429243361e+04 9.717728121390129672e+03 1.009253092313141678e+04 1.045716709731848096e+04 1.061825762026433949e+04 -1.270338635867318953e+04 8.641255145290429937e+03 -2.979392674793004335e+04 -1.356335431347831036e+04 1.079757051334486459e+04 1.014970449956835364e+04 1.077836117624820326e+04
-1.613834684238347108e+04 -9.934699884641420795e+03 -1.625445207466508145e+04 -1.141364615340388264e+04 -2.818723388862001593e+04 1.063071908335824810e+04 -2.918207076925289584e+03 -4.086166459497500909e+03 9.778638272922980832e+03 9.989786899519798681e+03 7.137305597767880499e+03 -3.555117005628970219e+03 -4.138291176251086290e+04 -1.369439380106559838e+04 -3.487893407373590162e+04 1.538452337925200663e+04 -3.306237268024409332e+03 -1.268844882466408308e+04 -4.940364381297928048e+03 1.006998787953474675e+04 -2.800702851103662397e+04 -1.531408550770996953e+04 -1.047025836659173365e+04 -1.371451307583737071e+04 -2.682963470868120112e+03 2.198752983043686982e+04 -1.333765271367735113e+04 -2.359886382403137304e+03 -2.371339938386930589e+04 -1.227374885848860140e+04 -5.110077482976652391e+04 -1.523207226929577882e+04 -1.297837274451970006e+04 -1.458155588324039127e+04 -4.090233662718412234e+03 -1.289821129778071190e+04 9.260404826397721990e+03 -2.540742610005167080e+03 -1.707418359640004928e+04 -1.265941450086186524e+04 9.421941036004287525e+03 -1.397466057014788385e+04 -1.187806088109823759e+04 -1.367097682529079611e+04 -1.608982550010687555e+04 9.373752114739763783e+03 -3.635884495006575889e+04 1.872396961595275934e+04 -4.150914475660628523e+04 -1.323089308278958197e+04 -1.300152775617546286e+04 -1.496075199484123732e+04 -1.824854860282903974e+04 -1.589381142203910895e+04 1.682037431369041587e+04 -1.873045058762418921e+04 -1.547415510439357604e+04 -1.187744149493376608e+04 -1.345051122670012410e+04 2.044659664854285802e+04 7.942753160378611028e+03 -4.016818968601961387e+03 -3.724542707913878257e+04 2.063170624464069988e+04 -1.469762025900228764e+04 1.106141099726085667e+04 9.051651155381177887e+03 1.164355415913247816e+04 -6.562627341741201235e+03 -1.124915124453741009e+04 -4.171471423749296810e+04 -2.662390994493055041e+04 -4.073722157765464999e+03 -8.840703564830409960e+03 -4.415117457339824796e+03 2.225811534605146880e+04 1.960094182441634621e+04 -3.975035337764068390e+04 1.547194528150902443e+04 -1.527846882803222979e+04 -1.310719674521169509e+04 1.999265061245923425e+04 -1.369711374191424693e+04 9.241544216399575816e+03 -1.316261259351528133e+04 -1.471025569396975334e+04 -1.290169534526119151e+03 -1.164259179906870122e+04 -1.299824743048517848e+04 -2.280708352639776422e+03 -1.360222663347839261e+04 5.127445971395535707e+03 -2.173577909415093018e+03 -1.825582849116387661e+04 -1.388377071065406199e+04 -5.147450319259967364e+04 -1.521884622643838520e+04 -4.302125360661788727e+04 2.052552361306706007e+04 -4.176756939289948787e+04
