7.513479228672813042e+04 1.926580499033683154e+05 -3.451050477661351033e+04 1.418954678462659467e+04 2.685350874367569850e+04 -2.338915461917753055e+04 -9.910538808815287484e+04 -2.684486804378936722e+04 -3.488578499991977878e+04 4.108201260243995057e+04 1.977249759826979425e+05 -1.308606206026572181e+05 -3.137091756261671617e+04 -2.299136586102257206e+04 7.032713854741519026e+04 -1.566171134374449503e+04 1.720140732107178483e+05 6.792470698964064650e+04 6.052925802676280910e+03 -2.636661013852963879e+04 2.241965871376038704e+05 -2.599683487291793062e+04 1.582185357904335660e+03 -5.243148896879809035e+04 -4.592166939002009167e+04 -2.540549962068508103e+04 7.466780421091517383e+03 -3.425838163696015545e+04 9.664015014487346343e+04 9.970750908099648950e+04 -2.456926778105060293e+04 -1.578680564336862008e+05 2.157165711338759575e+05 -1.585482605243634025e+05 1.722847184791548934e+05 2.175278685381104515e+04 1.692530341100161240e+04 2.271088612691526578e+04 1.071440891217089229e+05 2.974028304397661122e+05 -2.522623528316775992e+04 -3.026912132856408789e+04 2.531273561271121071e+04 1.381279594950964201e+04 2.135790493347884330e+05 -7.825320117380628653e+04 -5.370469211362781061e+04 -2.062686996633676754e+05 5.600391912564796803e+04 2.651037709038545654e+04 -1.473157062654096226e+05 9.460177189583120344e+04 -7.535013148664789333e+04 1.694270429261242316e+04 -2.044600338806743457e+04 -2.211280728673679696e+05 6.264242786707943014e+04 -2.651080222545350625e+04 -1.269072142951052083e+05 -4.474411406623678340e+04 -2.430324459057087734e+04 -2.518458688691044881e+04 1.167876712402126723e+05 9.344639636896071897e+04 -1.527127554400648514e+05 -5.487366089988978638e+04 1.809705556794096992e+04 7.768779615905722312e+04 -3.759663341834927269e+04 1.812451617269494745e+05 -3.649323053747574158e+04 7.721479954676119087e+04 -1.197467240005002386e+05 -2.885500791296894386e+04 -1.217325206346788473e+05 -2.695175938023334020e+05 -5.014159010515603541e+02 2.056680416056194517e+05 2.168981644006659553e+04 2.471391665088173977e+04 5.577108680288335017e+04 3.283016713074808649e+04 -2.419779119731272294e+04 1.802245863825668857e+04 -2.858535604993040397e+04 -2.650359149228940441e+04 2.542897553092827366e+04 2.973609965282205376e+05 2.127642036749263571e+04 2.405891781099354193e+04 1.763908199046020673e+04 -2.836464358003969028e+04 -2.600602444420541360e+04 2.210303393301581309e+04 -2.813033865154693558e+04 1.948620734877352879e+04 -2.817173294231454565e+04 1.528808947007199276e+04 9.053784219810208015e+04 2.156335749010310683e+05 -2.470952316236650513e+05 2.326652540263374613e+04 -1.850239396152688132e+05 -4.228772757933608773e+03 -1.978341802390223311e+05 2.066953720334001991e+05 1.020506200117459048e+04 -1.219703090791569120e+05 1.029473431358651578e+05 -1.472952442354049126e+05 2.333261456817602084e+04 -7.743124707376743027e+04 9.586120518470024399e+04 1.437941077248996880e+05 2.025280678725083635e+04 7.414734946720091102e+04 1.099167578730822861e+05 1.033796718886708368e+04 -2.443629912218610480e+04 7.450304510985901288e+04 -1.114528080504598802e+04 -5.859506620466815366e+04 -2.668374233865524366e+04 2.105830916143006471e+05 7.369025393793945841e+04 -2.671757061897749736e+04 8.813382397657101683e+04 -1.514771092863950471e+05 -9.634190529215069546e+04 -2.398588437232534125e+04 1.177258713151355732e+04 -9.579109434771644010e+04 1.762333595542450712e+04 -2.655700945476601555e+04 6.823617182297473482e+04 -2.450126239957446887e+04 -8.651235797227332660e+04 1.220989230131900840e+05 -3.091920159287537172e+04 2.085505019969509158e+05
1.926580499033683154e+05 -2.914931646128467401e+05 1.372814676979397882e+04 2.015170591481616066e+04 7.035696467489218048e+04 -1.721421331150183278e+03 2.355859622562517688e+04 -1.915449615560258462e+04 -2.939162237603003814e+04 4.471576822549370991e+04 1.995831375098100689e+05 6.493458576454436115e+04 2.418904013001759813e+04 -2.597730246923650338e+04 7.689619621040140919e+04 -1.229877120066220414e+04 1.551408023076930258e+05 6.702085805077692203e+04 -2.137643181211287811e+04 -2.191267337701256110e+04 -7.076936262263143726e+04 -2.800233710837895705e+04 -2.163290902713472678e+04 -5.820378330381693377e+04 -5.664156686121704115e+04 -2.504593693395490482e+04 1.502332723117088426e+04 -2.331469862777898743e+04 8.110365979835604958e+04 -2.248760995254824593e+04 -3.164198265070254638e+04 -2.890467074090401366e+04 -2.367240073754052355e+04 -1.538923801260526816e+05 -1.392849106749626299e+04 1.231804588045089477e+05 1.775894319085681054e+05 2.425675813351412580e+04 8.031710969347720675e+04 9.760261183264008650e+03 2.077556585465536627e+05 -2.840958434470156863e+04 -2.230660854784498042e+03 2.140998814004500673e+04 -2.905844449482644632e+04 -7.660035029209936329e+04 1.368703206066771236e+05 -5.721582017497079505e+04 5.573468872621444461e+04 3.321222607688819699e+04 -1.500441094412777165e+05 -2.076543940766314699e+04 -5.102892197455944552e+04 -2.719288142999360389e+03 2.132968626949467871e+05 -4.090401041957097186e+04 -1.458124942586097459e+05 -2.067817126710126831e+04 3.005845404555862115e+04 5.717232717629788385e+04 -2.179883681113059356e+04 -2.681375371201867893e+04 1.030694863200879627e+05 -2.657262428179437484e+04 -1.504865872302773932e+05 -4.962539267160849704e+04 -1.415604534456232386e+03 -8.877146781245725288e+04 1.243669603385990013e+04 1.520921043726817879e+05 -3.323257464947710105e+04 7.312548341632423399e+04 -1.171734643365123338e+05 -3.165032879801253512e+04 -1.159229434642472334e+05 1.171709435056363691e+04 -1.860396456043953731e+04 -3.308804884171644517e+04 7.675422536039938859e+04 6.693296388795350140e+03 1.390248806817670811e+04 4.084479813643386296e+04 -2.780534611592228248e+04 1.889372899406989382e+04 -2.269135652474472954e+04 -2.554810569335306718e+04 -5.367991583953232038e+01 1.364748350045298685e+04 2.536093175036301182e+04 -2.843019542133161849e+03 1.976372843438972996e+04 -2.413090665010149314e+04 -2.565258710468346908e+04 2.560825439231743985e+03 -2.430503458896065786e+04 -1.959190630459884005e+03 -2.924213023911575510e+04 -2.783624023114988631e+03 7.801489132161279849e+04 -2.220437761858637168e+04 8.246811151797226557e+03 -7.571841049657860822e+03 -1.785895161288870440e+05 -9.420927773402207094e+03 -7.053689389463620319e+04 -3.061667683264027073e+04 1.677759260145043299e+04 -1.319802114455678675e+05 1.080409132844821870e+05 1.394051082590808619e+04 2.500194636577581332e+04 -7.379941643272871443e+04 6.940748743228455714e+04 4.533533193024672983e+03 8.697287607119021413e+04 4.974801584923428891e+04 -1.256110952906512684e+05 2.003733107146834300e+04 -2.616696313707316949e+04 -1.990504522581718902e+03 -2.291563191719518218e+05 -8.119657922174515261e+04 -4.853264286158332652e+03 -1.871103124731002317e+05 8.177912362742637924e+04 5.740602033275579743e+04 6.744541153108169965e+04 2.902399899048944280e+04 2.640825921574821041e+04 -3.175882752472321226e+04 6.680087715790262155e+04 2.774138174005066321e+04 1.800570930931546900e+05 -2.912428306266079380e+04 6.368286631771763496e+04 -1.780919821122447684e+04 -3.075562639827067687e+04 3.024842242186357544e+04 -2.560437616935158803e+04 6.951281127146845392e+04
-3.451050477661351033e+04 1.372814676979397882e+04 -2.762194209171257098e+05 9.019330773057690749e+03 -1.346578429254863004e+05 -2.818152321629385187e+04 -1.542353922074745933e+05 -2.918043373482088282e+04 -1.301192773234257947e+04 -5.816415378324421181e+04 7.248822467884262733e+04 -9.596568787740277185e+04 5.448987416646843485e+04 -2.685526293514455392e+04 -3.108869939175034597e+04 -3.080735788194249108e+04 2.619217806851332352e+04 -6.134781687776478066e+04 1.717981835966088984e+05 -3.188072077831412389e+04 9.570339893345748715e+04 -2.807909741340364053e+04 2.156565819846307204e+04 7.225403963259821467e+04 7.601155851116617850e+04 -2.554471361416364743e+04 -2.926467889978667372e+05 -2.457314399036179020e+04 -1.044972677595588757e+05 2.087638373428051636e+04 -2.825835175452167823e+04 -4.479847376207441556e+01 -2.053219776892075970e+04 -2.999306766057545974e+04 7.127868261249949865e+04 1.890602728162019339e+05 2.012813275940557287e+04 4.347171287474622659e+04 1.052284829148075514e+05 -2.942198335115169757e+05 -3.044607933688695266e+04 5.831190664740120701e+04 1.766908834118609593e+04 3.493627148670544557e+04 -2.531144837724948957e+04 -1.155147427889863502e+04 1.070938948939911061e+05 -6.041461953045906557e+04 7.313501119500187633e+04 -1.495589044415290991e+05 -3.015575164097706511e+04 -2.761618728004927470e+04 -6.039712171392621531e+04 1.057883419653614510e+04 -2.682257655386413171e+04 5.081736106638079218e+04 8.215845597070669464e+04 -2.394040667367885544e+04 -1.498487455035272578e+05 2.665862292383132080e+04 -3.512951797297383018e+04 -2.947139150481085017e+04 2.145503758806948827e+04 1.359748396351954725e+05 1.375962772335325826e+04 6.172159768870686821e+04 1.686422336408709452e+04 9.876299033911367587e+04 -1.406324944514382223e+05 2.864217482300688789e+04 -3.641447445342043466e+03 6.596992175083396432e+04 5.581857994448927639e+04 -2.528178521510000064e+04 5.069515508563233016e+04 -2.411342727432815300e+05 -1.978480400621304943e+04 -2.584868638478378489e+04 -4.932293107988039083e+03 2.125576164221552244e+04 -1.249857883401746403e+04 8.118733513110344938e+04 -2.638403894807557299e+04 9.103001640944085011e+03 -2.813288608414838745e+04 6.402227366005470685e+04 1.929356349180479810e+04 -2.511469995335942076e+05 8.939896109832292132e+04 2.481896795963336990e+04 8.235880886545679459e+03 -3.119613554123575523e+04 -2.817532564339200690e+04 2.173941255240728424e+04 -3.366923413390079804e+04 1.268245466811796177e+04 -1.350496404144699227e+04 1.565674140770202030e+04 2.109030998846729563e+04 -2.296704313149089649e+04 -2.602034058774193691e+05 1.664466865121786759e+04 -6.843543113865437044e+04 -5.609884357729129079e+03 -5.823370132983582153e+04 -2.480820457605058982e+04 -4.289581433467353054e+04 -7.405713506718823737e+03 -3.672475082678878971e+04 8.777545913284113340e+04 -1.030502713562894060e+05 -6.218516999469796247e+03 1.699725820452933476e+04 8.423954136139368347e+04 -1.626699855195889722e+04 7.340705396468726394e+04 -2.957017151480699613e+04 -3.603463127974579402e+04 -2.929932414093400075e+04 -1.160520750296436290e+03 -3.285039155865337761e+03 -6.554220575491445197e+04 -2.856846657999763920e+04 -6.177953650144966377e+04 4.916190486448159390e+03 -3.103708051377693846e+04 8.880673494784375362e+04 -6.181387847697088546e+03 -1.523035513648327033e+05 -2.598970908146883085e+04 -1.930755056699463921e+03 -1.531608094474013487e+05 1.487757123904516448e+04 5.957876501280655793e+04 -2.804926111425990894e+04 7.327608221704414063e+03 1.091694149395206332e+05 8.891912499785264663e+04 -3.056317817696342900e+04 7.783366857440238527e+04
1.418954678462659467e+04 2.015170591481616066e+04 9.019330773057690749e+03 3.358348363165239425e+04 -1.453564121705639700e+05 2.919371827198466235e+03 -1.435030174045238236e+05 -3.119580081493649004e+02 -3.261677517523030474e+04 7.326138478872393898e+04 1.004132570803820126e+05 3.380954116650884680e+04 2.816997874883403347e+04 -2.461089986148635580e+04 -1.957138124950016572e+04 -3.189691550875986650e+04 2.680697443826397830e+03 -5.179110222386675014e+04 -2.886553720717975921e+03 -3.880554857374886342e+04 1.471094242692717526e+05 -3.050630511108199789e+04 -8.316616954626240840e+03 -5.014532505959378614e+04 -5.351267373797776236e+04 -3.163035724587152436e+04 -3.999982442840347358e+04 -2.207996384728113844e+04 -4.319589502496006025e+04 -2.677962715759287312e+04 -2.324385389558012321e+04 -1.529863397704596173e+04 -2.499475118594403102e+04 -3.131957246535430386e+04 7.554771685366918973e+04 1.772487364316827443e+05 2.281757525056441591e+04 1.671900816510086224e+04 9.530579354298328690e+04 -4.014342100754166313e+04 -3.093486789912516906e+04 -2.812216593410606220e+04 -8.467953484749146810e+03 1.494383004386564244e+04 -2.228409298335174753e+04 -1.408816757456080231e+05 8.889187133634676866e+04 -5.751253874406324758e+04 -1.183352571318426199e+05 -1.440406169182259182e+05 -3.126628469739640786e+04 -2.237686046796451046e+04 -5.510051007815929188e+04 2.224668261147504018e+04 -2.656339839612479045e+04 -9.387384305058898462e+04 6.728272002009888820e+04 -2.343345094300965502e+04 -1.397938387493725459e+05 5.260899020202724205e+04 -2.450061412492180898e+04 -2.382274660355384185e+04 -7.302685225957128523e+02 -4.655469957065902236e+03 -6.917410693866858310e+03 -4.842742986679183377e+04 -2.793237674118677205e+03 9.615804980387007527e+04 9.864543487547240147e+03 -1.816309592522467210e+04 -2.411924988397742345e+04 7.926574287432593701e+04 1.090973422187359392e+05 -2.151432317697043254e+04 9.351490831696403620e+04 1.511584897430082310e+04 3.541749454496702128e+03 -3.537075624974230595e+04 -1.408301297030869464e+05 5.227100315989677256e+03 -2.406884952568794324e+04 7.150878076533069543e+04 -2.584613637667680814e+04 1.662322734868367479e+04 -1.857949373924518659e+04 -1.988538575798059537e+04 -1.613609965031692582e+03 -2.027536005776274542e+05 -9.459102434309305681e+04 2.516795041142305308e+03 1.880725066765238807e+04 -2.378007730480442478e+04 -1.769273627424771621e+04 -3.588469827266136235e+03 -2.245129586566398575e+04 -3.486252693714300221e+03 -2.675723726783106758e+04 -5.502365750169107741e+03 2.278142926035722667e+03 -2.265903240724439456e+04 1.796991146824267389e+02 -1.755682031969159951e+01 -5.376295005362214579e+04 1.353629967809117225e+05 9.171100714827170304e+04 -2.884455684667984679e+04 1.356807919651483644e+04 9.658163401086417434e+04 1.062810995079406857e+05 7.461226164176156453e+04 -9.740248064218940272e+04 -1.337871602914088580e+05 -2.647992589531252816e+04 1.307334370765297645e+05 -3.188374082954759433e+04 7.382990116594520805e+04 9.521859977199298737e+04 6.428507833639433557e+03 -2.533685343244085743e+04 4.011606661160184012e+04 3.294889473354194251e+03 -5.254310763611378206e+04 -6.874057008353719539e+03 -4.814610229808943404e+04 -2.187136649780506923e+04 -2.409415133924196198e+04 7.531009269554381899e+04 -2.662451580068255498e+04 -1.426066244098294119e+05 -1.681383928513313367e+04 -1.850383245311463907e+04 -1.458041108720872144e+05 -2.854340703030834629e+04 -2.769991453818018272e+04 -2.518827535015503599e+04 -6.301770612468669242e+03 -3.622251200129995414e+04 7.698236913576191000e+04 -2.541031829394186570e+04 6.494339346931343607e+04
2.685350874367569850e+04 7.035696467489218048e+04 -1.346578429254863004e+05 -1.453564121705639700e+05 -7.533558073123861686e+04 -2.753843743683929279e+04 1.639118932111651811e+05 -7.642125378188649483e+04 -2.052711518189470007e+04 -6.000999782252790465e+04 -5.600488023644791974e+04 -1.647778850792508165e+05 2.580330558411245511e+04 -1.557705087160477888e+04 -9.909669410269813670e+04 5.349867152432938747e+04 2.228909228738610909e+04 -9.847631221261726751e+04 7.104873380064060620e+04 7.892444097419297032e+04 6.213513453143996594e+04 -3.583088148459205695e+04 -2.589717440121407344e+04 7.447006499150236777e+04 -3.612523651892053022e+04 -1.640084380281503036e+04 6.516258137917732529e+04 3.774241179269021086e+04 1.436186189809649077e+05 1.198989155209006130e+05 -1.674916522580171659e+04 9.933135350329217908e+04 -2.179232426320547893e+04 -1.006314165767739905e+05 2.328494162799258993e+04 2.923688009999533460e+04 -5.593205164961250557e+04 -2.093100109557593896e+04 -5.357792105998205079e+04 -1.003577414446855437e+04 -1.815344247165108754e+04 -1.753150477348799541e+04 -2.389038304589475229e+04 6.311498995403786830e+04 -2.684208856204683616e+04 -1.400513003912658605e+05 5.928914351839041046e+04 7.170271212940877012e+04 1.088154157406070590e+05 -1.169483041035170208e+04 -9.726558083188640012e+04 9.005588184709004054e+03 3.785121874846411811e+04 -1.894407743919427230e+04 -2.245876012528474166e+04 -5.811224699035020603e+04 7.866303678449829749e+04 -1.230943403623039376e+04 8.404433111916696362e+04 -1.100603203860031863e+04 -2.471913751274506285e+04 -1.385981326201716911e+04 2.033263636692826913e+04 3.882621159672630893e+04 6.792242738006850414e+04 7.293193783154179982e+04 -2.605001637548367216e+04 1.244126568612514966e+05 -1.476914677019428054e+05 7.290762004718770913e+04 1.112500517014658981e+05 -1.545938001337433707e+04 -7.380957766815433570e+04 -1.446602488432351092e+05 -9.518499782582106127e+04 -8.598687219822504630e+03 -7.896521349006677337e+04 -2.264093974306220844e+04 -1.561669035715583304e+05 -2.403880804830576017e+04 2.614843506442969010e+04 2.299765509685342477e+04 8.115474150068526797e+04 7.053898779072453908e+04 -2.776730647425512507e+04 1.133368055548503035e+05 7.281913010138114623e+04 1.435397572667737950e+04 9.229367679053013853e+04 7.065388374759098224e+04 -1.416702145312029461e+05 1.252509784618606318e+04 8.018193013190692000e+04 -2.303072690247158243e+04 2.380152538544898198e+04 -2.124648325986946656e+04 -1.813678476196686461e+04 -2.390006984611014559e+04 1.588073013049205292e+04 -2.530980443461025789e+04 1.006605027849440921e+04 -2.379204983892450764e+04 6.288034896665652923e+04 1.759963941594532516e+05 4.174327552875397669e+04 -1.969333035535896852e+04 6.775331891954904131e+04 -2.584663535208414032e+04 -1.212235279846766061e+05 -1.597180543593103539e+04 2.173057043189981196e+05 -8.880941465791845985e+04 1.995456359003697798e+04 8.992178849584503041e+04 1.805482186261405514e+04 6.230984669968647358e+04 1.492067363383487973e+05 -2.297157269864315822e+04 -1.971469952390129401e+04 3.330185967522380815e+04 -2.146412930563623740e+04 6.982623132474934391e+04 1.999238359969322846e+04 -6.180317550326990022e+04 -2.275378765299702718e+04 -2.105524236175204351e+04 2.659769798275296853e+04 -1.070282068708102597e+05 6.760144704895367795e+03 -1.599501776144031028e+05 -1.558337113755020837e+05 1.639773467985519383e+05 2.502767982408617900e+04 -1.625839423207949440e+05 -2.556933659722442462e+04 -2.865004937315085954e+03 -2.257283135929490163e+04 -6.054254569507123961e+04 -1.570848475877802412e+05 1.638964643852396694e+05
-2.338915461917753055e+04 -1.721421331150183278e+03 -2.818152321629385187e+04 2.919371827198466235e+03 -2.753843743683929279e+04 -2.297899546856688394e+05 -1.887402784246737792e+04 -1.184893744926170475e+05 -2.313825202967758014e+04 3.855523426188953181e+03 8.085341927704801492e+04 -3.279030509289885231e+04 -2.996645566796297862e+04 -2.695992160905311539e+04 7.523855811481019191e+04 -1.287246279279381997e+05 -1.982772766253138616e+04 -1.058794898174937262e+05 -1.362301881098906051e+04 -2.471831178080077007e+04 1.012750764253524358e+04 2.341244842080149738e+03 -1.425101745830635082e+04 -1.070439651120315684e+05 7.703015491869887046e+04 -1.384948080351331446e+05 -2.140437024019072487e+04 -2.212844584788168504e+04 3.283155892672231130e+04 -1.453837894341135870e+04 -1.316216976193727169e+05 -2.866204793358008101e+04 -1.185945052408666379e+05 -3.082342991140643790e+04 7.893267281565656594e+04 2.026384090407033727e+04 -3.715588066780063627e+02 -2.070067069705362155e+04 -1.456821813989478687e+05 -2.450273388796831205e+04 -1.342688207762890670e+05 4.490846401851413248e+04 -1.890176763291815951e+04 5.222856944235315495e+03 -1.282391098304667539e+05 -1.294132357164413697e+05 8.479609384837960533e+04 -8.749459486782657041e+04 1.418858398363528067e+04 2.276734526030560301e+04 -2.670810293815443947e+04 -7.643363297514031001e+04 -9.391095118467988505e+04 1.998417352645602705e+02 -1.350454371942148719e+05 -1.012716504522572650e+05 -7.411456178100938268e+04 -1.293612899170608289e+05 -2.079100363826910689e+04 7.946421561790471605e+04 -1.302482373375684983e+05 -1.304209116312057740e+05 2.016825550987252209e+05 5.229702639347208606e+04 -1.981790195075581505e+04 -1.020787797519575251e+05 -1.968390767367343142e+04 -1.116119089936251294e+04 -2.811546407801071837e+04 -1.472738061228925835e+04 -1.341197938694075856e+05 3.489505566303220985e+04 -1.224100115061939723e+05 8.800040437406463025e+04 -1.181860708841250307e+05 -1.955420516852075889e+04 -1.146715592058130569e+05 -1.264609365060121781e+05 -1.588447099298733810e+05 -4.034985192853423359e+04 -3.945125074241468974e+04 -3.548055708940113254e+04 -2.449788149424428775e+04 -2.042676389488364293e+04 -2.370376576571698024e+04 7.844201558725697396e+04 -1.520029719972396742e+04 2.292851597549607322e+04 -1.803353964740196898e+04 -4.576823797045001811e+03 -2.505375919288555815e+04 -7.316358307670960494e+04 -1.265799413293280668e+05 -4.810075231582912920e+02 -2.984352080958495571e+04 2.935425604010274583e+03 9.926107684188870189e+04 -1.043465913792858373e+04 2.028677298928589735e+05 -1.246901013607435889e+05 -2.912829522758881285e+04 -1.531393668180862915e+04 -9.874062834988640680e+04 6.257180558241372637e+04 -9.110684268498526944e+04 -1.207791642507256038e+05 -1.990404434033269717e+04 -1.185892226564862794e+05 9.873982103279767034e+04 1.952217304871284578e+05 -2.936435493986095025e+04 3.744240083904687253e+03 2.039184796072633180e+05 6.473230039153461985e+04 -6.948472339813569852e+04 1.235455480217722470e+04 -1.225950700477750070e+05 -5.774693784506115435e+02 3.650666226701599953e+04 7.340030961670940451e+04 -1.207270519405544765e+05 -1.212734239544581069e+05 -9.829720062439674803e+04 -6.068254277381407155e+04 8.238652317141210369e+04 -1.243288533048273093e+05 -3.164958685029829576e+04 -2.322511234184886052e+04 1.047256457319871843e+05 3.960362015903157589e+04 -2.061584697039808671e+05 2.580874274960001276e+04 -1.767087370268786981e+04 3.922304144180727599e+04 -2.598594263104880883e+04 -1.758032937150607540e+04 -7.517243492371002503e+04 2.543126446350504921e+04 9.529231071400803921e+04 1.796491708440980119e+03
-9.910538808815287484e+04 2.355859622562517688e+04 -1.542353922074745933e+05 -1.435030174045238236e+05 1.639118932111651811e+05 -1.887402784246737792e+04 1.129400386925605999e+05 -2.293374946512813403e+04 -2.597896762208054497e+04 1.776669611354416993e+05 -8.597013056931750907e+04 7.887795909289484553e+04 1.700824153577749894e+04 -2.742900200571651294e+04 -1.539572871200602094e+05 -5.256443467396231426e+04 7.208779981135418348e+04 -6.508040180865408911e+04 7.189908754794140987e+04 7.521132076969584159e+04 -6.261253982043424912e+04 -2.892637057338441446e+04 7.222505970684652857e+04 7.082058749523972801e+04 -5.095005834725605382e+04 -2.942171310650343730e+04 1.108134892073965602e+05 7.694439558595632843e+04 1.122800391344896489e+05 -1.616486591938893835e+05 -2.548332536471794083e+04 7.019606473891598580e+04 -2.864905801929319932e+04 6.926626670965766243e+04 2.787563197691207097e+04 3.659370980595266155e+04 4.166336962560405664e+04 1.001941224471123278e+05 -4.378776506066056027e+04 1.498697754451846231e+04 -3.300950335358614393e+04 -2.569421892355168893e+04 -2.086082293139557078e+04 7.247093922634264163e+04 -2.445110496239150598e+04 1.126824341361352563e+05 -1.455329483797449211e+05 4.775135819723350869e+04 5.233619653635958002e+02 1.100713097211559761e+04 7.021427148715620569e+04 1.193526005468496442e+05 1.740582881568728772e+05 -2.589739040696034863e+04 -3.211313926968509986e+04 -1.805945149685596989e+05 3.173145537096475528e+04 -2.563237158145541980e+04 -1.092919256247590674e+05 -6.299415398290114535e+04 -1.780588165053884222e+04 -2.574026974881226852e+04 -2.134637956634695365e+04 1.742310179609714833e+05 -9.134643820863695873e+04 -5.544204810395570530e+04 -2.019156009338955118e+04 1.228297530550456577e+05 -1.551979641885395686e+05 1.549984772969984624e+05 6.930470051263486675e+04 2.409982454195459650e+04 5.478220503697705863e+04 -1.479920731075640360e+05 1.081570484742910921e+05 1.642998118025278018e+04 -3.210746840519617035e+04 -2.449856503250608876e+04 1.653177363403418276e+05 1.230550251459119136e+04 2.237084659633999036e+04 -2.221937314563564996e+03 1.840385687945624159e+04 9.281682246702005796e+04 -2.504056595156500771e+04 1.066181301889180177e+05 7.593252296110829047e+04 3.542842133094956807e+04 1.170925885185440529e+04 7.868210310740610294e+04 -1.429927723034556548e+05 1.184204970237293601e+05 7.104959252029498748e+04 -1.897590075472528770e+04 1.538502264553622517e+05 -1.881460638642470076e+04 -3.678141316948989697e+04 -2.700193571775193050e+04 -2.572550479267696574e+04 -2.267892047021324470e+04 8.801457430465421567e+03 -3.402910801286781498e+04 7.136154292220836214e+04 1.618376336943416682e+05 2.128231332219860342e+05 -2.012012979321713283e+04 9.493890838913460902e+04 -2.522646043253848984e+04 -1.265319738658980496e+05 2.827554152199466989e+04 -6.982527207589255704e+04 1.953312315184186737e+05 -2.479588317895467117e+04 1.688438648224494245e+05 -2.778049148868928387e+04 -3.100363051936189368e+04 -2.768231600043709113e+04 -2.299040991170863344e+04 -2.466996253087530567e+04 5.374594747247068153e+04 2.172948860062036601e+03 7.247667187275206379e+04 7.017820383312454396e+03 1.361075675645380106e+05 1.911891292282779978e+04 -1.846959111654544904e+04 7.065247981807058386e+04 -2.665850796872163846e+04 4.338740942616974644e+04 -1.736627087981748919e+05 8.480925672022839717e+04 5.932184403916289739e+04 3.025944786938493417e+04 -1.714133106345619599e+05 2.559980666388039754e+04 -1.625048491557064990e+05 -5.552807940100977248e+03 5.987918775291954807e+04 -1.476373059192832152e+05 1.811031055978520599e+05
-2.684486804378936722e+04 -1.915449615560258462e+04 -2.918043373482088282e+04 -3.119580081493649004e+02 -7.642125378188649483e+04 -1.184893744926170475e+05 -2.293374946512813403e+04 -2.192785013441326155e+05 -2.697913794088895156e+04 8.503567389835193353e+02 -1.594559921831051361e+04 1.900323869320218728e+04 -3.807214581360454031e+04 -2.407181602911437585e+04 -2.459286327420706584e+04 -1.307619899947137601e+05 2.030222173677661631e+05 -1.013178825682300521e+05 -1.839282263858030274e+04 -1.949540571506107881e+04 8.679061497883621996e+03 -1.464279121044554922e+05 -2.128937889504964187e+04 -1.117513348690282000e+05 7.148998939046477608e+04 1.130675730283611774e+05 -1.750516804142977635e+05 6.718836915512596897e+04 3.336761757526760630e+04 -1.550017684773514520e+04 3.834394659600568411e+04 -7.273602343086311885e+04 -2.112297413612316086e+04 -2.429484697732115819e+04 -9.432318821894483699e+04 3.321170229790946178e+04 -1.931056009927550986e+04 2.686538215900113755e+03 1.821133792579940346e+05 -7.871498682057211226e+03 -1.296837915125467844e+05 -1.322676919273377571e+05 2.214660677226534062e+03 -3.417634028249475477e+02 -2.510733130949894621e+04 5.192090707392407057e+04 -1.108112622519220604e+05 -1.026850803256119980e+05 -3.072591021022077712e+03 -1.447859394416744362e+04 -2.377581313823322489e+04 -2.785884727039347126e+04 -8.480021448311688437e+04 3.476986364422639781e+03 -1.306521378631942935e+05 -1.074480300545628561e+05 2.893796630863313840e+04 -1.319065433089004073e+05 -1.788669562371979191e+04 8.194864622549181513e+04 -1.255190517501399881e+05 -1.317181851157040510e+05 -1.561988372074226390e+04 4.757123193769795762e+04 -2.140195241221571996e+04 -1.021068489121507300e+05 2.396753482716431790e+03 6.731922714112912945e+04 -3.046835239936942889e+04 7.658524024572437338e+04 -1.330259068877452228e+05 2.765170089626845947e+04 -1.180557835686520702e+05 -1.274513487203323311e+05 -1.143340013816372521e+05 -4.062008692057529515e+03 -1.129658520731681056e+05 -1.293761691162676580e+05 -7.247888715789998241e+04 -3.902682787709894183e+04 -1.587274823751870135e+05 -3.411262794252271124e+04 7.170910918923681311e+04 -2.944521358293453886e+04 -2.964499581643352940e+04 -6.600979119808012911e+04 -6.058632301298627681e+03 2.122381599796404407e+04 -1.947948251187960341e+04 -1.338753092413926970e+04 -3.468182304852697371e+02 -3.105335501741404369e+04 -1.259404529835783906e+05 -7.020781405450502461e+03 -2.249058001083294585e+04 -2.372700881931717231e+04 9.511519015158874390e+04 -2.426853553633923366e+04 -1.395813818685496699e+04 -2.449644192824299171e+04 -8.473655722662592598e+04 5.331968566989799911e+03 -1.000820106616515113e+05 -1.065506787598218216e+05 -9.641436594835402502e+04 -2.677153769886280134e+04 -2.952051301922435596e+04 -1.166628065935500927e+05 5.002254338063461182e+04 -2.383416484170938566e+04 1.788159538296451137e+04 5.174058501579028962e+04 -2.001339265365312531e+04 3.032486956284781263e+04 -7.669066509624729224e+04 5.535282640190545862e+03 -1.258362366785907216e+05 -2.370070489228303268e+04 9.974007622352031467e+04 1.176561425818859570e+05 -2.214634454401523981e+05 -1.025444069203484250e+05 -8.772991348377028771e+04 2.120496500447233484e+04 -1.511818733279565822e+04 -1.264957692973778612e+05 -2.990827135375301077e+04 -2.814349928018609717e+04 -7.539826892498666712e+04 -9.436725110953087278e+04 -1.084822939091186417e+05 -1.606959610314080965e+04 1.985005243368984375e+05 -9.752494730204129883e+04 -2.534066387918377950e+04 -1.570946890452290427e+04 -7.886152550507122942e+04 -1.029076271677251352e+05 1.016364044279844820e+05 -2.493635305190185136e+03
-3.488578499991977878e+04 -2.939162237603003814e+04 -1.301192773234257947e+04 -3.261677517523030474e+04 -2.052711518189470007e+04 -2.313825202967758014e+04 -2.597896762208054497e+04 -2.697913794088895156e+04 -2.988134117542005260e+05 6.639807720800703100e+04 -1.489733952628831903e+05 -9.657560976979979387e+03 1.681965201874279592e+05 -1.485405832235525886e+05 -2.545133127746517494e+04 -1.265489211344132673e+04 6.897222051952248148e+04 7.492472374941622547e+04 -2.623013770018676951e+04 -2.458930031017373040e+04 -2.463095163646126821e+04 -3.418593282200927206e+04 -2.579655692799920871e+04 -4.801283195771383180e+04 -3.800166173806520237e+04 -1.617394052600834111e+05 9.264364992758533845e+03 8.207651354580213956e+04 4.067328732787711488e+04 7.164415275849988393e+04 -1.683987631350542142e+04 1.692209379210748884e+05 -1.505439686196270923e+05 -1.658635728769908383e+04 6.942385162157779268e+04 1.251894695554359787e+05 -3.257788836051682665e+04 -1.583289087466608325e+05 -7.756207240284554246e+03 -1.459109019609326970e+04 -1.460588260255317728e+05 -1.614731462661708247e+04 -2.533058612460056975e+04 -3.966283548356378742e+04 -1.495213015756617824e+05 -2.680554355182285144e+04 5.737783817180087499e+04 7.061647951299911074e+04 5.331669877312121389e+04 -2.194480350864465072e+04 -2.736425703686634733e+04 7.623785298643102578e+04 -5.686902343456553353e+04 -1.453421415420632402e+05 -1.433125405237052182e+05 -5.830500647741662397e+04 7.549535109302987985e+04 -1.423544020085568081e+04 -2.815952149347002342e+04 1.197681103594808810e+05 -1.467954629685964028e+05 -1.728980705246115758e+04 -2.551853074874142840e+04 1.615176484805068758e+05 -2.902913872985700800e+04 -4.890496124772461189e+04 -3.003084698439920976e+04 7.476744782313918404e+04 -3.773307999028424092e+04 6.621156634737020067e+04 1.010740393491675604e+04 -1.217249062625409133e+05 -1.243476945069485373e+05 -1.500197810800159823e+04 -2.393733332564468219e+04 -5.707077527252683467e+03 -2.330825070313150718e+04 -1.400164089609283546e+05 -2.664828747262592151e+04 5.376494298840848205e+04 2.170550542714053008e+05 6.371679146239375405e+04 7.969811496819397144e+04 -2.774637242143760159e+04 -2.352752848134348824e+04 1.949017989929606483e+04 -2.847176046668524577e+04 4.945569376239826852e+03 -7.704376672034285548e+03 -2.988643809091086223e+04 -2.666617670429284408e+04 7.455570595139851503e+04 -1.962759906409467294e+04 -1.490923504107307235e+05 8.389421294609298639e+04 -3.119216015293980672e+04 -1.444112082692767035e+04 -2.818310917133624389e+04 -2.394889423113847806e+04 -1.394854868448499183e+05 3.453609616482904130e+03 -2.657725087712864115e+04 -6.080749052044482960e+04 -2.006433319385456343e+04 -5.316011029230164422e+04 -1.442547045715909044e+05 -2.683038417383442356e+04 -1.275999284886472888e+05 4.427574952011344431e+04 2.109296791376759575e+04 -5.491102700753616227e+04 1.049553449299724161e+05 -2.592696841760511234e+04 1.582752631151660171e+05 -6.501758306878591247e+04 1.490566632783950481e+05 -1.122102328608461685e+05 -2.533918729397813513e+04 -1.941153684684793188e+04 1.194619820057622128e+05 -1.227640885326133139e+05 -4.861885167844699754e+04 2.168008624983419941e+04 6.958131149097745947e+04 -2.658446811282793715e+04 -1.363476936879094283e+05 -9.672985547384353413e+04 2.202062619412158892e+04 -2.457689406190599038e+04 9.712117203047773728e+03 9.079579542372589640e+04 9.767252034060073493e+04 6.995223824126859836e+04 5.347947531244059974e+03 -2.223315182601446941e+04 7.509138007898842625e+04 -3.395271673790151544e+04 -1.066114882536764635e+05 -2.569212657578075959e+04 5.934890308704441122e+04
4.108201260243995057e+04 4.471576822549370991e+04 -5.816415378324421181e+04 7.326138478872393898e+04 -6.000999782252790465e+04 3.855523426188953181e+03 1.776669611354416993e+05 8.503567389835193353e+02 6.639807720800703100e+04 3.360692274580193334e+05 1.075975140359146098e+04 -2.256793629002891521e+03 -6.537969902885280135e+03 6.989271261983578734e+04 5.082352863721815811e+04 6.460499400109266571e+04 7.911173816095506481e+04 -8.991460808935070236e+04 -5.124466687545659079e+04 -5.453881178666012420e+04 -3.667530597035372921e+04 -2.821955786856795385e+04 -4.313058033008607163e+04 1.652256640457420435e+05 3.831320022633565532e+04 1.622157508644408372e+05 -5.704465576358990802e+04 6.861826946505000524e+04 5.610178400290278660e+04 6.853565939624076418e+04 -3.089614949966381027e+04 8.875062601663386158e+04 1.719739227423279372e+05 -6.303899679118128552e+04 9.781601727718753682e+04 3.242450708923382263e+04 2.604548968538535337e+04 1.939383042816711168e+04 1.792023399173675862e+05 -1.755979413622138964e+05 1.690293799067123618e+05 -1.060680133357319428e+05 -1.855490301563521789e+05 -5.276733923704283370e+04 -1.268992577936606904e+04 -3.090456573584834769e+04 5.125204141383884416e+04 4.574166659979415999e+04 7.473724965298762254e+04 1.330172052603049960e+05 -5.723007861468674673e+04 2.425155950280703564e+03 1.444638298230272194e+05 2.127678955742237667e+04 -5.924616693829319956e+03 4.084750360933212505e+04 -4.113157809989260568e+04 -5.956304045251863135e+04 -4.023452504361899628e+04 3.786588703186331259e+04 1.634717261834352103e+05 -1.075974698954197956e+05 3.822178967288561125e+03 2.207071099405607965e+05 4.652838220363004075e+04 1.629084031955881801e+05 -3.291920002339514031e+04 1.226323313111833268e+05 -5.776327085954802169e+04 7.974092737283026509e+04 1.957339528519128726e+04 9.544059016040553979e+04 -2.762404859210709765e+04 6.482471569931721024e+04 -1.046688743860247923e+05 -5.888109984397249355e+04 1.743746677392556157e+05 -1.146373833289476534e+04 -6.090499964602397813e+04 -1.261463045080537449e+04 7.710775902094905905e+04 -6.063112510626496805e+04 7.344464228696962527e+04 -5.329618313961209788e+04 -6.552892211461545958e+04 3.665344706059833698e+04 -4.731425583700196876e+04 -1.330979907919732796e+05 5.170422489213464723e+04 -4.614324154437067045e+04 9.981941322814887099e+04 -1.539189922253521581e+04 -5.432583809379594459e+04 5.217122481162739859e+04 6.567541507838135294e+04 -1.811989301137855218e+05 -5.675055361982541217e+04 -1.863713641253119276e+05 2.243270776065721002e+05 -9.055418594700418907e+03 6.373534209216227464e+04 -3.354699336851494445e+04 1.393452810113680025e+05 8.279919065856082307e+04 1.493238204270627757e+05 1.662840635369366792e+05 -5.792773462920369639e+04 -2.926309410146410301e+04 -3.018702772831703260e+04 1.860120618337935593e+05 1.664858872034235683e+05 9.116014929355842469e+04 6.528105264301278112e+03 2.020024925563691941e+05 8.127644712163349323e+04 1.046364482203142106e+05 6.701010521339839033e+04 7.245497446916838817e+04 -1.112572964134636713e+05 1.318610150605727395e+05 7.095887846236889891e+04 4.654218988728789554e+04 3.160192532478486464e+04 3.478624198498098121e+04 4.931812485371051298e+04 1.690406030126198020e+05 4.245121357894210087e+04 9.401808882605125837e+04 -5.182465199657263292e+04 5.238029531894838146e+04 8.093709654020359449e+04 1.687515858339949336e+05 7.753387484391620092e+04 6.375726329663982324e+04 -6.878312861588917258e+03 -4.103974794862153067e+04 -1.288922616750459565e+05 1.843068673838100221e+05 6.376090194125314883e+04 -2.712406466077747245e+04
1.977249759826979425e+05 1.995831375098100689e+05 7.248822467884262733e+04 1.004132570803820126e+05 -5.600488023644791974e+04 8.085341927704801492e+04 -8.597013056931750907e+04 -1.594559921831051361e+04 -1.489733952628831903e+05 1.075975140359146098e+04 1.732156608568249212e+05 8.807545138567899994e+04 -3.596340147300543322e+04 -1.528431702897224168e+05 8.013799166020592384e+04 6.582019523591389589e+04 3.384135942479436926e+04 -1.352827829320138262e+05 -1.002588429240334226e+05 -9.766045600919531716e+04 -2.767709493465135529e+04 -1.213374248211245431e+05 -8.716133648358019127e+04 -6.331468393583915713e+03 7.328184109904458455e+04 6.489072669354667596e+04 -2.507018723421772884e+05 1.226176651155858272e+05 5.538250523320851789e+04 1.198656388881674939e+05 6.612626895050918392e+04 2.596360180438523457e+04 7.095067644191002182e+04 7.386611499817510776e+04 5.025851393750735042e+03 -5.673479809261219634e+04 1.771874131766951468e+05 8.003422794793760113e+04 5.729512853315366374e+04 -7.676471351153137221e+04 7.948586012223204307e+04 -5.274517656211661233e+04 -8.718821470215277805e+04 -9.636813888440759911e+04 -1.035055677027712954e+05 2.070645515066598819e+04 8.065694867577617697e+04 -1.312420700453115569e+05 -6.868602050331766077e+04 -3.833228542484821810e+04 7.212112958375950984e+04 7.440050475790565542e+04 1.046720576588165568e+05 1.059086280451736384e+05 -1.027990864519897295e+05 2.188329731720365544e+03 9.263018460643877916e+04 -5.462065121322603954e+04 -8.898405989991979732e+04 -9.537920037131437857e+04 7.726573534015780024e+04 -5.464626590970637335e+04 1.525719281588883314e+05 4.225418127206606732e+04 1.748845946206136432e+05 -5.657084074600147142e+04 7.746551378972297243e+04 1.270952525423712068e+05 7.310256546452482871e+04 7.290946106659462384e+04 -5.040656002613635792e+04 1.342059642296561215e+05 -2.090024403757760956e+04 7.032778727007498674e+04 7.946345939104472927e+04 7.690893033450683288e+04 -1.144589999287734281e+04 -1.019687317176211072e+05 -5.587232360793383850e+04 -1.137880755060032971e+05 -5.236417150730373396e+04 1.631751918474121776e+05 -3.124014462039940099e+03 -9.129656694385515584e+04 7.432342141168033413e+04 8.953295746557255916e+04 -9.026239559363307490e+04 -2.488735979106618033e+05 -3.796621443230764999e+04 -8.550534534058826102e+04 9.831094795310338668e+04 6.723079823974733881e+04 -5.238410943756358756e+04 8.107007284895172052e+04 6.558461950255399279e+04 -8.349728666965397133e+04 -4.895204507380085124e+04 -8.843608009743051662e+04 3.726477298873131804e+04 -1.014891557861502661e+05 3.834726582581391267e+04 8.523949671169211797e+04 8.107937266836954223e+04 9.286982217678693996e+04 1.007385428136651026e+05 6.822267728568082384e+04 -9.047688628301503195e+04 6.662458394462084107e+04 -2.613335016463110878e+04 -3.297407168015198840e+04 1.328146215974150982e+05 2.497794653741483853e+04 3.179810758948912189e+04 7.717192234019828902e+04 4.769153838774030737e+04 3.161190264796679185e+04 -2.360383388792137339e+04 9.651004532199939422e+04 -5.215544419637801184e+04 4.279541708364976512e+04 -1.924060413521687224e+04 -2.092670885681095024e+04 1.045702066010630660e+05 -8.935891751047277648e+04 2.980739820353527830e+04 6.470525273053561978e+04 -5.517938500147419109e+04 8.669715284384628467e+04 -9.779648442914443149e+04 6.914047508781244687e+04 7.087296015256857208e+04 -9.577906936256321205e+04 3.163843235804726646e+04 5.676742039812942676e+04 7.640197572033693723e+04 1.302262893864831858e+05 -1.467205867180313508e+05 2.159737735379753212e+04 6.421640599198853306e+04 -4.617286006300630106e+04
