4.139046097057204315e+04 -2.761002390334019196e+02 -2.597929013786796713e+04 -1.187118041326348703e+03 -8.562191117372420194e+03 4.923568974187075582e+03 -6.317870927956477317e+03 -6.591718474036171926e+01 2.053565051079670866e+03 3.419603670345096816e+03 3.522402643341048588e+03 1.315208605352266659e+03 1.765325090740380620e+04 7.238720231922733547e+03 1.882800070907398094e+03 -5.438569714460157911e+02 -4.421035724308863792e+03 2.870571946592478980e+03 2.204035332804023255e+03 2.179224864055255239e+04 2.673451285606658985e+03 -1.274924517171975276e+04 2.319377252727692758e+04 3.535510663221533378e+03 2.091508124980553021e+03 2.129430405278961916e+04 1.635746877948608198e+04 -1.098945320133078894e+04 -4.283084060609397056e+03 4.049843634255639245e+03 2.291083900826926310e+03 1.962789398459195127e+03 8.875412379050991376e+02 -4.817497835064828905e+03 2.294043033330644448e+03 -2.212066286975102412e+04 4.204711931176427242e+03 6.397276441091104289e+02 1.896752382114938428e+03 2.189867162499985625e+03 5.700066639763246712e+03 -9.913869598270961205e+02 2.425037623709942181e+03 2.632072934497419556e+04 2.339705962726789494e+03 -2.312987525365505280e+04 2.592948747191986968e+03 1.655841530170891201e+04 -6.581736659966976504e+02 5.401772380702587725e+03 -1.373271285442641056e+04 -2.653413807217554222e+03 6.827780765969670256e+02 -1.729774233991842630e+04 2.180603776723930423e+04 3.529422642687744428e+03 1.522030009948408042e+04 1.760269733319284205e+04 4.821633268696646155e+03 2.178141333815119197e+03 2.259640652903208320e+04 2.666476579401119579e+03 2.480357314989845236e+03 -1.108303095834367468e+03 9.820381648832855717e+03 3.195284858256521602e+03 -1.153941294069826654e+04 -8.094153666599691860e+03 -4.513839737365078690e+03 2.408464671494382401e+03 3.576170473186708023e+03 7.195885837340186299e+03 2.143924375098284145e+04 -9.821434090011809531e+03 2.634790324083242376e+04 -1.214065468596384356e+01 1.120405994490663488e+03 2.256256783547754367e+03 3.003979155056121726e+03 8.941998140836543826e+03 1.971847541256986369e+04 1.048281428548450549e+03 -9.050427456581555816e+03 2.701772144854477574e+03 2.121203579892813195e+03 2.185922755335124020e+04 1.440905704575068285e+03 -1.816437386209476972e+04 1.179001975842276443e+04 -8.033702173136000511e+02 1.658263569103031386e+03 1.969676475869900514e+03 8.482137290531247345e+03 1.239350142757074718e+04 -1.293069053098425320e+04 -1.186379482289083353e+04 2.003673668289034595e+03 -3.964596061506876481e+02 -2.944279361573015841e+00 1.474299001683889855e+03 2.812470872591192801e+03 2.717970241829230417e+03 1.860037552801835318e+03 3.425437039026002367e+03 -1.697217774221351283e+04 -1.315783517906964789e+03 -4.526137718194686386e+03 6.878295137565015693e+02 2.755410222830194016e+03 -1.238535353576025045e+04 2.125391021318632920e+04 1.747986633748229360e+04 1.950870478337108125e+03 1.943674233843515594e+03 -2.107672912805844589e+03 -2.689887827544988977e+04 1.496218505997298234e+04 -1.138372361652605287e+04 3.031995356391592850e+03 1.941063355112626959e+04 2.109394813430420072e+03 -1.033621823859034157e+04 -1.126793868509918502e+04 2.112635888184878786e+04 4.610259233884876835e+02 9.502929296302041848e+02 -1.184076188478577933e+04 -1.334555630528885922e+04 2.067334968629236300e+03 3.423870551560017248e+03 4.474912342700585214e+03 1.675519085923203966e+04 4.213347363715469328e+03 4.194828727655056355e+03 -1.099042489698860845e+04 9.034275749581298669e+02 2.892982408196142842e+03 3.239659295257124086e+03 3.090868717190287043e+03 2.309370474690980245e+03
-2.761002390334019196e+02 3.819896594144947449e+04 -1.129333694590866617e+04 -7.447060738299609284e+02 -1.280839738342730379e+04 1.414427806107270499e+03 3.457040764311691987e+02 -3.086120429259316097e+03 -1.548050619005748104e+03 1.782477203286661734e+03 2.108588497510079105e+04 -1.180298516409942931e+04 -2.537185888938662629e+03 7.348596941213048012e+03 1.014183627948528539e+02 -3.077243902598564546e+03 -3.721296233003084581e+03 2.170317629267870416e+03 2.167935474508385141e+03 1.396415555622371812e+03 2.159484658782313545e+03 -6.382991001469139519e+03 2.838293145904260655e+03 9.399467778133637694e+03 -1.296827416020125202e+04 2.245294457029960085e+03 1.742282857293769484e+04 -1.175473179102229005e+04 -4.097721616940629247e+03 1.660724471479597469e+03 6.343092743330578742e+03 2.030310636007635821e+03 -1.595383706057030759e+04 -5.252193831260838124e+03 -3.044256394957760108e+02 1.685671685178525513e+04 2.563388616905490835e+03 2.286115590281497498e+04 2.272511635895761628e+03 -1.247385235459689102e+04 3.314735178929231097e+03 -3.913763062080425243e+03 1.105228606766964276e+03 2.217067013583554854e+03 -1.111114129814744047e+04 1.058780241108442624e+03 2.276884385808314164e+03 -1.013391615294622352e+04 -2.839259676639978807e+03 5.033502070535364510e+03 -1.553433703189952394e+04 -2.507350018839874338e+03 3.134583722175507773e+03 -1.208262162601113414e+04 2.266642317741121133e+03 1.810644845423231800e+03 -6.896145593509134414e+03 -3.358994279035423915e+03 -1.228387217457644692e+04 -1.265864196339022419e+04 1.257810114326364328e+03 2.253405665676052649e+03 1.269717766444141944e+03 -9.957968638269268922e+03 -1.263049531403888068e+04 1.522319886498096366e+03 -1.178751489049248448e+04 1.002575442924065464e+04 3.962052961475624670e+03 2.522389561722463895e+03 -2.911506207289696704e+03 2.489530967866013725e+03 3.119407715683280458e+03 -1.127754650582611612e+04 2.470692739304563929e+03 2.601535045361511220e+04 3.229428318752850373e+03 2.252114148193447818e+03 3.361044000736846556e+03 8.566429911806657401e+03 1.960185768690369059e+03 -1.793623218102663668e+04 -1.020543711600923962e+04 -9.915102306646862189e+02 -2.678297786658121186e+04 -3.184062629868373187e+04 3.506493218330609579e+03 -2.725211264985339949e+04 -7.240447261347045242e+03 -1.970742211509571689e+03 9.666978611088390849e+00 -1.005482025529401471e+04 -3.823344147135075673e+03 2.063013972651205768e+04 -1.301982124086055956e+04 2.384639944504889627e+03 2.947387951514161159e+03 -3.197077093890924971e+03 -2.730207724411563049e+03 1.536377259866743316e+03 2.256121067456378569e+03 -1.408064327229751325e+04 -1.319432531173397820e+03 3.510350968895423193e+03 -1.051977793253403252e+04 -4.083359955369551699e+03 3.124091089071183433e+03 -8.420472743982085149e+02 1.761239671913850088e+03 -1.531043988851789436e+04 -3.375924801734332959e+03 1.723222801040200284e+04 9.497496622753693600e+02 -1.417437511048518172e+04 -8.787858259461858324e+03 -1.215470256037362014e+04 1.348954613756662184e+04 -1.140553363216022080e+04 1.783069687489363332e+03 2.163914798824341779e+04 -1.561715840836480311e+04 -1.103763661267753741e+04 -1.388609546466829306e+04 3.072671639137378861e+03 -4.874205639345627787e+03 1.995132506468791325e+04 -1.174953074480878240e+04 -1.176780651736078835e+04 -5.265028302026037636e+03 1.967459563732556035e+03 2.352736560720893522e+03 -5.620462943983302466e+03 2.837547026670481046e+03 1.992414414551517893e+03 1.870561684444024195e+03 -1.242065120230020057e+03 2.316111081486976673e+03 -1.124895416430296427e+04 1.878172746058962275e+03 2.285114534655994703e+03
-2.597929013786796713e+04 -1.129333694590866617e+04 -1.181229091471448737e+04 -9.219274661295637998e+03 1.503387315793186281e+04 -9.784054473768510434e+03 2.983234289213008196e+03 8.756557814242707536e+03 -1.264986576899984902e+04 8.938724455808678613e+03 1.380121307293808741e+03 -1.850630342207994545e+04 -2.619194824969122419e+04 -4.597904038119205325e+03 -1.181440416399814239e+04 9.241594314549973205e+03 -2.456915772356052184e+04 -1.059996196151111326e+04 7.081041493751033158e+03 1.371683400185237360e+03 9.477593265273066208e+03 -7.644890556512941657e+03 -3.495419296485447376e+03 1.747038567963840251e+04 -6.308255149765946953e+03 -3.610736131263506650e+03 1.515121466968852837e+04 3.280897693745250763e+03 -1.137811959139403007e+04 1.008072333886047636e+04 -1.262458525596797517e+04 8.889220955748500273e+03 -1.932619080499286065e+04 8.365910894152166293e+03 1.592301748604180102e+04 3.907802439497261275e+03 1.478738818465584700e+04 -1.158202609057962945e+04 8.255086038711404399e+03 -5.894541452782304077e+03 9.285331834015360073e+03 9.451209130932500557e+03 7.499763333368970962e+03 -2.604386577819759259e+04 -6.645204841540270536e+03 -1.919587112109881127e+04 1.083819458797473271e+04 -4.498437459630482408e+03 8.000891510418540747e+03 -5.565440769511816143e+03 -5.040950659922380510e+03 1.110638666677234505e+04 6.815595508413779498e+03 1.718950566223300029e+03 -2.613432933436945314e+04 8.636977984023669705e+03 -9.731925942883903190e+03 -2.623923260961851338e+04 -6.601943396080360799e+03 -2.454002326979773352e+04 -2.668785106194071705e+04 7.998126552444341542e+03 -9.476400553751327607e+03 1.602254376714903810e+04 -1.633357959977312203e+04 -1.095773752728529325e+04 5.776563027691270236e+02 -1.916189422878027926e+03 -1.205253694928582809e+04 -1.106589417321659676e+04 7.682937376828323067e+03 -1.045364943605015105e+04 1.326322995041886998e+03 -3.238807305092533170e+03 -2.702028583256021375e+04 -1.061062208794575236e+04 6.940393886286224188e+03 -1.100467364648083276e+04 -1.325500174529343894e+04 -5.419558924197741362e+03 -2.618496411714848364e+04 -1.852336566629639128e+04 -2.594916688126610825e+04 -1.132609337737416899e+04 -1.226471655418496630e+04 -3.141273862094228207e+03 -1.184886882719542882e+04 2.521628839801050503e+02 4.152970747481085141e+02 4.365311156218311226e+03 7.619494441132451357e+03 2.652532931623457898e+03 -4.841296452645268801e+03 8.952088704470002995e+03 -1.382910148171436231e+04 -3.818596496901997398e+03 -9.903562008569073441e+03 1.307114957544432764e+04 9.234831877388915018e+03 7.725098198497126759e+03 8.467369556751025812e+03 -6.290866864061058550e+03 -1.120484395350148952e+04 -8.381548217195608231e+03 3.140709947951546837e+03 -1.248768446320626936e+04 -1.153928776760311848e+04 -1.349274272360285795e+04 -3.743876341227051853e+03 1.104152721637617651e+04 -2.647040341691166395e+04 9.516739007992127881e+03 1.266393887908587885e+03 -5.254455784615886387e+02 2.305014058117095192e+04 1.658492092330883224e+03 -2.247518351980255829e+04 -2.356778019343415508e+04 1.627528983234979023e+04 9.022002919621689216e+03 -4.063129385868838290e+04 2.225716781387279752e+02 -5.941766083036159216e+03 1.348005734322051239e+03 -1.026240833981899596e+04 -1.112340344943624041e+04 1.057547497653792334e+03 -8.326152046075632825e+03 -1.935567885036492953e+04 -9.004702141673360529e+03 9.481106548746971384e+03 -4.918169096665978941e+03 -3.542477799782120655e+03 8.685062210705054895e+03 -1.115675377106672204e+04 4.774145608547068150e+03 1.012137007127322067e+04 -2.738360751404968141e+03 1.022281503552609865e+04 7.547187028846162320e+03
-1.187118041326348703e+03 -7.447060738299609284e+02 -9.219274661295637998e+03 -2.923368328045236012e+03 -1.260905099337041429e+04 2.097351095468589847e+04 5.494257329308837143e+03 7.519750484320699115e+02 -2.865696985446439157e+03 2.716019849093574067e+03 3.964874670172053357e+03 2.059759101661054228e+04 -8.756960373400346498e+02 -8.994629437675755980e+03 2.753238590142123212e+04 -6.344735356062286655e+02 1.458705723297728036e+04 6.476370704280576547e+02 1.003160590001325204e+03 3.997892022253888626e+03 2.459973529620504905e+03 -2.205258494180772686e+04 2.682786301305926372e+03 2.103923632571559210e+04 2.091209601744442989e+04 1.063975972613262911e+03 1.548365451031498560e+04 -1.564603557540062866e+04 3.563915097027960201e+03 3.732010454550794293e+03 -2.315258821880501728e+03 7.254014878579779406e+02 1.879742605275839378e+04 2.975607646118327011e+03 1.811804204949120958e+03 1.182591922799538770e+04 -2.400865384085014375e+04 3.019226139591018637e+03 2.860173797414581259e+03 1.767706889409049381e+03 2.035296860671454851e+04 -1.554319916866776566e+03 1.466680368941686083e+03 3.787868256537186880e+03 2.230446492619339188e+04 -6.245067465514932337e+03 4.100505013799704102e+03 1.558386992567073503e+04 -9.831954932674401562e+02 9.870972144919836865e+03 4.409035995349697259e+03 3.614119829948003371e+03 -2.036725758866550314e+04 5.130172805623094973e+03 -6.083827871738523754e+03 1.442325345554797877e+03 -1.443268514920683629e+04 -2.843395935146747070e+04 -1.848987756127124885e+04 2.326297731258383919e+03 2.740054927426799168e+03 7.251061241211733659e+02 -6.859399847910375456e+02 6.028253220811989013e+04 -5.858284058702234688e+03 3.782629454923271169e+03 -1.517617334647575444e+04 -5.181918094113991174e+03 3.875444598079882417e+04 -1.058842508909860243e+02 -2.848650207108449104e+04 -3.409983672761920752e+04 2.407899972634798814e+03 -1.025628509537741593e+04 -1.631516956195192506e+04 1.974966856974585880e+03 1.970376212731415217e+04 -6.320313200929724189e+03 1.202540538874863614e+03 4.232259186077806589e+03 -2.432274396112711202e+03 1.712687960203214516e+03 1.310140773629296382e+04 -2.092635166567341457e+03 2.812954181073970904e+04 1.902933542066617179e+02 -2.575192912554884242e+04 -2.517656292836280772e+04 -2.455759971687808866e+04 -4.203276230035425215e+03 -4.222467827048209074e+03 -2.641279236434065297e+03 6.363239612611419943e+03 -1.595650539702792685e+03 6.506009382763336362e+03 -9.820922738127448611e+03 5.370546174412025948e+02 3.418968325632567485e+03 -2.831300185622231947e+04 5.296324407811220226e+03 4.741846668422165749e+03 -2.439332057036050628e+03 5.098117220183312384e+03 1.554375540265756626e+03 -1.186205370394609963e+04 3.792155703904284019e+04 3.843465236515076685e+04 3.615402936878464971e+04 -5.477681333534986834e+02 6.397801025242934884e+03 -8.495509071401887695e+02 1.523708282345574298e+04 -4.495094533293144536e+02 2.437972875208353435e+04 1.015645876112528094e+04 2.606904319106686671e+04 1.980450489778857445e+04 -4.937671211162638429e+03 1.868828960474062478e+04 2.093511091177437265e+04 -1.690559044432226801e+04 -1.194974265591898984e+04 -1.417118812461808375e+04 1.243804698454159279e+03 1.527761437292619576e+03 4.111534358758422968e+03 -1.370718259985610894e+04 2.515980928251044679e+04 1.825648792585721480e+02 6.598730433652541478e+02 1.787730144276692499e+03 -1.715674113396605389e+04 -2.171037784405847924e+04 8.473915123207858642e+02 4.959725568437858811e+01 1.479484931793427336e+02 2.049560706703450342e+04 6.970402742963648279e+02 3.783542656149658342e+03 1.897849953439495494e+03
-8.562191117372420194e+03 -1.280839738342730379e+04 1.503387315793186281e+04 -1.260905099337041429e+04 -8.708387057959253070e+03 9.651426884844822780e+03 9.568537657122033124e+03 -1.206572924218658409e+04 7.934982151760178567e+03 1.139999729305777510e+04 7.590246064088231833e+03 9.588865179833414004e+03 -1.336052857146930000e+04 -3.340900818457436799e+03 2.224324090941661780e+04 -1.183349429107416472e+04 -1.204876943859091080e+04 6.620375649373437227e+03 8.590075992494279490e+03 7.933748050198349119e+03 9.226934284916536853e+03 -3.380711844250169634e+03 7.613142070621642233e+03 -8.095449356989991429e+03 9.537255545656586037e+03 9.213661587516235159e+03 -8.726889084354565057e+03 1.599399866127798987e+03 -1.085464364085724628e+04 -1.162268512281315452e+04 2.169836340086012115e+03 7.716052300601656498e+03 1.082860793953288157e+04 -9.375605409816895190e+03 -1.170975641800748235e+04 1.701656803135237624e+03 2.113178389598374997e+04 -1.041876701449049688e+04 1.238538501024424841e+04 8.581850600136833236e+03 1.482792520089207028e+04 7.993734706412459673e+03 9.077098974293021456e+03 2.735473151729850997e+03 8.988310029676107661e+03 -2.926529460186191136e+04 1.132300503536492397e+04 -3.290764460980017702e+03 -1.293569522056780806e+04 -7.243723273194936155e+03 5.346534560639820484e+03 -1.195552310163347101e+04 -1.178635462359391204e+04 4.814737131291478363e+03 -1.051442605872411332e+04 1.071313927135702033e+04 -4.440179165149716573e+04 -1.269831329154228843e+04 -4.414526340553146838e+03 9.046148442543966667e+03 -1.132863711261522076e+04 7.974093901566154273e+03 1.059821272534450327e+04 4.673285756954866883e+03 -1.652347241554484981e+03 8.122160625125671686e+03 -2.174965288497140864e+04 2.775898572876762410e+04 -1.180430534755630470e+04 -9.625478657716010275e+03 -1.318985473036026633e+04 -3.983688941637595235e+03 -9.634352508227862927e+03 -3.383520849569776146e+03 1.538285863375234385e+03 3.366675766789297541e+03 8.695508072837179498e+03 7.114920022350194813e+03 4.187543156574423847e+03 2.530464314565937002e+03 -9.919613491365742448e+03 -4.362862826566448348e+04 -3.575981662924476950e+03 9.706281754083389387e+03 2.282565897277315889e+04 6.094456967872026325e+03 1.131002420948345025e+04 -2.530170297001123618e+04 -1.129451681774350072e+04 -2.053540399456823434e+04 1.079185050558104922e+04 1.838413541193063338e+03 -3.559962294088313115e+02 1.058601452957784568e+04 1.967207167229791958e+04 1.412007918903503378e+04 6.662786267405300350e+03 -1.052996022300474397e+04 7.908163050069863857e+03 7.718041985489818217e+03 9.207759176874922559e+03 9.509583900782203273e+03 7.717046864520682902e+03 1.017183621275510450e+04 5.099064105651750651e+03 -1.256952051494648731e+04 -1.107810074599511972e+04 -1.299595823299611038e+04 9.615527964414020971e+03 -7.440261444073245912e+03 -1.292934306661883420e+04 -7.306055828120150181e+03 8.337569887743720756e+03 8.504860188690403447e+03 -2.404783420630408364e+04 4.666292224793172863e+03 3.734189784915129621e+03 -3.657915158312377571e+03 1.577655484788996910e+04 1.141544451178835516e+04 -6.452796302374527841e+03 -3.849097316706162928e+03 -9.456747184019146516e+03 7.946941130499280007e+03 -1.297262531212816066e+04 -1.037049083894450268e+04 -2.173159995674906531e+04 -4.416597516086493670e+03 -8.568057345572915438e+03 1.158702245231710185e+04 8.407919092606676713e+03 2.286018132058290576e+04 -3.483933410856463979e+03 -1.511244213569356180e+04 -1.449543233554629660e+04 -1.246129029953299141e+04 1.707189526192184348e+04 8.625259721164515213e+03 1.004139464593531375e+04 9.784116692223975406e+03
4.923568974187075582e+03 1.414427806107270499e+03 -9.784054473768510434e+03 2.097351095468589847e+04 9.651426884844822780e+03 8.176330982509795285e+04 3.906800830927807692e+04 3.544786593767757495e+03 3.650190539063363303e+03 2.973920200456997190e+04 -1.096053840013743411e+03 5.030893814166020093e+03 3.259027427412512679e+03 6.833932504295761646e+03 -1.169424112503560355e+04 4.828893489570766178e+03 -8.436846620073598388e+03 -1.875204622903429936e+03 -4.654580286085242165e+02 -9.573758042026878456e+02 -2.118423681787272017e+03 8.964134975914301322e+03 1.064090271387658049e+03 1.584857678000295346e+04 1.105219077461342295e+03 1.026137218050601859e+03 5.746353093250132588e+03 -5.059562615230270239e+03 2.010721463527007927e+03 2.797387397651087304e+04 -1.765518412222903135e+04 3.315228156673665126e+03 3.921130487017742325e+03 -7.793844952870682391e+03 2.559691344374733944e+03 7.690485419383681801e+03 4.496318535635238368e+04 3.073311735039054383e+03 2.229973051901060899e+04 -2.484272290738867355e+02 4.071116817741319392e+04 3.582931563918421944e+03 -2.922627843876426141e+03 1.177994944267528081e+04 2.756341198796815206e+03 -6.231116318437838117e+02 2.935571998220115711e+04 -2.850654173642586829e+04 3.179177128654847820e+03 -1.115790099119912884e+04 1.514555323566770130e+04 -1.009396739682281441e+04 1.774070155099261319e+04 -1.028034886498846208e+04 2.039364527237079074e+03 2.102016072482561503e+04 -1.040732354136748290e+04 3.361730209045520951e+03 -1.600522624293999797e+04 -2.184849869204321635e+02 4.821493756317011503e+03 -5.771725245905676047e+02 -1.488689383443967472e+03 4.612224345592259851e+03 2.555258866765759740e+04 -8.560192465922431211e+02 -2.553269193165659817e+04 9.392119842446818438e+03 2.012938839832263966e+03 -1.410641922714245538e+03 2.844017238255999018e+03 4.081918000958245102e+04 -2.835333839145545880e+03 6.655265050619299473e+03 -8.099989769876972787e+03 1.815872518934955588e+04 3.410111664052530159e+03 4.389533033629822967e+03 -2.439887995663621496e+03 1.729769612021645298e+04 3.875079355857743849e+03 2.950392160587421586e+03 2.595547052733990313e+03 2.348635823366641034e+03 -1.132709219687016775e+04 7.908104904605439742e+02 3.302468128544221599e+03 4.908691840978729488e+03 -2.363204224676784361e+04 2.687799935390631617e+03 4.021565661505739172e+03 -3.835315870186817392e+03 -2.129336020775642737e+03 -8.829206278408468279e+03 -1.047236112941248393e+04 5.487361714099477467e+03 1.622343236545043965e+03 2.299180162610429306e+03 3.100662499041705360e+03 2.759619117884839852e+03 -7.765421449036859485e+03 9.098067469437970658e+02 2.603619164066798021e+03 -1.574475791905637925e+04 1.811472815303075095e+03 2.874375699555910160e+03 3.125672145110032488e+03 -1.038530334893805957e+04 1.666350488316210885e+03 -1.190244019531743652e+04 3.580725926634798725e+03 6.998238656213450668e+03 -3.324000616395482552e+02 3.051231860420609792e+03 -6.606978014312320511e+02 1.746995332119887462e+04 4.104879206376559523e+03 -8.879948620069828394e+03 3.205808528717550416e+03 3.603143715442567100e+03 -5.090012579858825120e+03 7.849669937764218957e+03 1.428632126204754968e+04 -2.212957956374679725e+03 3.062101787340770443e+03 2.465552102796210875e+03 -2.931312114990552800e+04 -9.999980408049244943e+03 -1.065475400843709758e+04 2.786162981866245900e+04 -3.345132068482750128e+03 3.265503250669165482e+03 2.957887507395296325e+03 2.154228129908015762e+04 -2.219251603359592991e+04 3.055240479485540618e+03 4.191935142468511913e+04 -6.867488188719898972e+03 2.125236759239520688e+04 -2.382476293015902775e+04
-6.317870927956477317e+03 3.457040764311691987e+02 2.983234289213008196e+03 5.494257329308837143e+03 9.568537657122033124e+03 3.906800830927807692e+04 -6.739993228351422295e+04 1.267714208509716173e+03 9.085092866224600812e+02 4.153083674035817239e+04 3.016305554302075689e+04 -5.363949649348911407e+03 -1.009642122573275969e+03 7.692609603389537369e+03 7.341557934663685955e+03 9.284953980254373391e+02 -7.018479522087201985e+03 -1.368919001242103150e+04 -5.653775259186104449e+03 2.292369463467497189e+04 -8.431528703263596753e+02 -1.304461684509279257e+04 1.630340701133750190e+04 2.396866995198411678e+04 -2.770476053102930109e+03 -1.428193163423855822e+03 -1.703672038115152191e+03 2.267527852483132665e+04 2.098162749940472622e+03 3.997823962413975823e+04 -8.201253274613563917e+03 8.599801576364696132e+01 2.009278864959198017e+03 2.744352996575033103e+04 -3.525514670326896976e+03 2.973478249039444108e+03 4.384127733217682544e+04 2.348251684958058377e+03 -5.739281311869257252e+02 1.309923583552650143e+03 3.787325439456514869e+04 -2.679974407666419665e+03 2.165822052241246183e+03 1.548438056126976335e+04 3.654973389310194420e+02 2.705991738010935296e+04 -1.875876936343555371e+03 6.078889848925116894e+03 1.804666792203149726e+03 -8.907346331107952210e+03 -8.867329438751601629e+03 4.154522245778645811e+03 8.255999822392537681e+03 4.139249643833803930e+03 -2.491127838651286197e+02 4.071213815184486884e+04 -1.315623547340334426e+03 1.160318399321231027e+03 -7.541813037600935559e+02 3.812172790886777420e+03 -5.987114145868093829e+02 -5.875797292209752413e+03 -7.031282001628131184e+03 -2.895445913783777996e+03 3.149962204951316016e+04 3.085619790691874732e+04 -3.719635852833335321e+03 -1.601547029485974417e+04 1.682371104579362054e+03 -1.098229199512452851e+03 -7.175458556851939420e+02 -1.440028095703163217e+03 -5.327495757387076083e+03 1.682573275065552298e+04 4.553221137399263171e+03 -3.999212225684933856e+03 -1.441167900221984928e+04 4.109242404405391085e+02 6.734055075323119866e+01 -2.047401181886859194e+04 -1.002242466384601698e+03 1.523689098612816815e+04 -4.845485314673819630e+03 -1.601378459478452896e+04 8.102359247638805755e+03 -9.047028001786266032e+03 1.501780251879653861e+03 -2.816052897349750856e+04 -4.074212082356755673e+03 4.575420620838570358e+03 1.073604313080607881e+03 2.744175504487607395e+04 2.301650655939703574e+04 -7.968041035867352548e+03 -3.852910563568175803e+03 2.489039478567095284e+04 -1.997396610935594799e+04 2.029422872146534701e+03 -3.247488694031314026e+03 -5.676346223806598346e+02 2.263342396184375320e+04 -4.442014991236441347e+03 -3.446123702866593135e+02 -2.460324776343592475e+03 8.831410330489687112e+03 5.140488889474831012e+03 2.186841798169015874e+03 -3.714447946581626070e+02 -1.840909671340194564e+03 -6.377794441827163610e+03 1.950730120402703960e+03 -1.648312184264654206e+04 2.956431656904650663e+04 -1.933043712992277960e+03 -1.348045672003043910e+04 -1.368952423220455603e+04 8.724542754997442898e+03 2.831372100118351955e+04 4.700815186420120153e+04 -2.034160981977861866e+03 -7.299908573342077943e+03 -1.405453197813877887e+04 -1.647989179385417174e+03 3.938852360017215688e+04 -2.072384538685347798e+04 -7.381054445594638480e+01 3.371467766444980953e+04 6.134735828833087226e+02 -1.977823146093693595e+03 -8.833889496652000162e+03 3.911459117512069497e+04 6.448798049562554297e+03 2.256597007833972384e+04 -1.238214958112278055e+03 -4.775746062551681462e+03 -2.441349974170384030e+03 3.959888140551177639e+04 4.118379380807736743e+04 4.053545124189173657e+04 3.902294427244774852e+04
-6.591718474036171926e+01 -3.086120429259316097e+03 8.756557814242707536e+03 7.519750484320699115e+02 -1.206572924218658409e+04 3.544786593767757495e+03 1.267714208509716173e+03 -7.045580767423959514e+03 1.450614011363069494e+03 2.615726599138638903e+03 3.179505110502186199e+03 -7.359383859788634936e+02 5.870114602501868148e+02 8.233347128466160939e+03 1.672551902624353534e+04 -3.296552263084855895e+03 3.539732637249342133e+03 2.303097644200491686e+03 2.329285768918636222e+03 3.579216395774333705e+03 2.065551268130949666e+03 -9.777631261730623009e+03 2.859782624305634727e+03 -2.046521609497260215e+04 2.257396005036252518e+03 2.603908250697831591e+03 -1.801051217567179265e+04 -5.188996002643425527e+03 -4.384143133851290258e+03 3.899075136328524877e+03 2.205478506605549683e+03 -2.269492145597060244e+03 -7.075855394290396134e+02 -6.803047334319502625e+03 -4.547867452230360868e+03 1.651703593398112571e+04 3.092296610770224561e+03 2.583989338813713061e+02 2.515684130269045909e+03 1.686103445527086933e+03 2.496169888944308241e+03 -2.589187302791656839e+04 6.758993731322130998e+02 -1.529992010146901976e+03 2.294726577400638689e+03 1.377268894469774295e+03 3.209785179870611955e+03 -5.356645939746927979e+03 -3.084632209620495360e+03 3.904871850490960242e+03 -1.218207603512388687e+03 -5.748452514178641650e+03 -3.043538631115112366e+04 -8.978210326145441286e+03 2.012367722891214271e+03 2.489530349388661762e+03 -5.612384704717956993e+03 -3.590927018544227849e+03 -1.407021874192874930e+04 2.428504713005795111e+03 5.958414771122767917e+01 1.635472647699936260e+03 1.584499370114820977e+03 -3.419287949934173866e+03 -1.200615364749595574e+04 3.184838843234292199e+03 6.527243924350867928e+03 1.669376747928879922e+04 -2.478544384342575358e+04 9.796380014111651917e+02 -2.678457826725264113e+03 1.123154678132328172e+03 3.066451826252917726e+03 8.915513394251389400e+03 2.251372109274788727e+03 1.505701140607139337e+02 -7.105981804011956910e+02 2.015626948150749286e+03 2.519836068290694584e+03 -2.668315582466175692e+04 1.377553646155576189e+03 -4.422066535724849018e+03 -1.317626550845807469e+04 2.349154045855103959e+03 1.503925465519580939e+04 2.299658031841217507e+03 -9.684083222509929101e+02 2.019196020815791417e+04 -6.653764696594403176e+03 -1.681484695256763416e+03 5.085103403771659600e+02 3.058829526519909268e+04 -1.172089624192150404e+04 -4.574376048764735970e+03 7.326911119415349276e+03 1.760571668158698594e+04 2.148075224569010516e+03 -3.627569801632371764e+03 -3.436597099904959123e+03 1.554773014855514248e+03 2.781025878675225158e+03 3.597020368652827074e+03 1.738764013731795330e+03 2.719435007797497292e+03 -1.034653245889306163e+04 -3.279645017435545014e+04 -3.305509529082387598e+04 -2.005134421274588476e+03 2.646235106590147097e+03 2.373116360129247369e+03 -3.316619112024606238e+03 1.780499463303940138e+04 3.525817303058634479e+03 1.036283377641244243e+02 -8.449435006032736055e+03 -8.400732362328135423e+03 1.310038374646747434e+04 -4.828062323137708518e+03 2.416135741840991159e+03 1.861309722010920723e+03 -1.971719951672811294e+04 -1.071915805871464363e+04 -1.197093330526031605e+04 2.050149450803584386e+03 -2.361877034053728948e+03 1.785411468795909514e+03 6.671636940025183321e+03 5.688113512245862694e+03 1.426093707263415490e+04 2.837984631292930771e+03 4.054145832925978084e+03 1.488863672290736758e+04 -1.907639272951804014e+04 2.874753917935247500e+03 2.089549448717936684e+04 -2.508138214001954566e+03 3.970560586131120999e+03 1.948485594108178248e+03 2.563132192997205038e+03 2.568961188410817613e+03
2.053565051079670866e+03 -1.548050619005748104e+03 -1.264986576899984902e+04 -2.865696985446439157e+03 7.934982151760178567e+03 3.650190539063363303e+03 9.085092866224600812e+02 1.450614011363069494e+03 1.116274468631370155e+03 3.865281610146573712e+03 2.635367283041066457e+03 1.609866463739368101e+03 2.015785640760733713e+03 8.294459951830020145e+03 1.541330405114538917e+04 9.437060133618666669e+02 -3.902217359435335766e+03 2.365253062257486363e+03 2.470220274925175090e+03 1.824175535560994376e+03 2.156423035797140528e+03 -1.301298053637431985e+04 3.014713425654861112e+03 6.015780662600360301e+03 1.213250374624448796e+03 2.554658975943400492e+03 -1.614360551622094681e+04 -1.088603056352684325e+04 -1.644812531741858493e+03 2.975407727430052091e+03 -2.788701815343053113e+03 4.405814578626248476e+03 2.084314105793776889e+03 9.797021276568426629e+02 -2.732586633975208770e+03 1.773616454617719864e+04 3.271779699816777338e+03 -6.682007692787432234e+02 2.679617507156393458e+03 3.039316261909379591e+03 3.301152968230600436e+03 1.724622473819590141e+03 1.890688338451496293e+03 5.101584334577797222e+02 1.895954340069497903e+03 -1.312051051133504188e+04 2.926913669043629397e+03 -9.827906461663582377e+03 1.230677883198893596e+03 2.117863334620295973e+03 1.366790193272697707e+03 -4.018172463964262079e+03 1.905246177336609890e+03 -1.165549492304310297e+04 2.880507798268823194e+02 3.567840084424651195e+03 -1.196500509095523557e+04 1.921849849496445586e+03 -1.904508964960376034e+04 1.880291638393829544e+03 2.896712729082385977e+03 1.785638468981198002e+03 2.011437015097997119e+03 -1.382393462858666226e+03 -1.262955804996291226e+04 1.942241003925389577e+03 -1.241669543316360614e+04 1.680676070584211266e+04 -1.479925490286258082e+03 2.786618107466435958e+03 -4.130265795284472915e+03 3.262441061793769677e+03 3.319134020888189752e+03 8.539220711919402675e+03 2.237967665354198743e+03 -1.155493395210300605e+03 2.608122035034409691e+03 6.545131222195356031e+02 1.083997633117194255e+03 1.590992358392704227e+04 -7.799696988804355158e+01 2.037382792347985287e+03 -1.296371359007159299e+04 1.300074869764446248e+03 1.576815861350245723e+04 2.471655995969603737e+03 1.868985029126926293e+03 1.309074527375297475e+04 -4.500030703425948559e+03 -3.559993564248626171e+03 4.583891479139579701e+02 -3.965478699115142717e+03 -2.731724217787888392e+03 8.854140072389869829e+02 -1.199973761735955304e+04 1.620724984624557146e+04 2.440952060795797934e+03 -2.107611873291024040e+03 -4.043949949448053758e+03 4.055020111678111334e+03 2.963479798930640300e+03 2.460180257534551401e+03 4.503704752055406061e+03 3.517249728895666976e+03 -1.033495931599339565e+04 -5.414642786231879654e+03 -1.410152330054027061e+03 -2.819238282716424237e+03 2.135501768011077274e+03 4.877552614488097788e+03 -1.484364198117108117e+03 -1.555491546329207813e+04 2.344048514906260152e+03 3.076067664238101770e+03 -9.396324630761091612e+03 -1.129586015000477528e+04 -8.880282399440688096e+03 -1.109283218601258523e+04 2.540952307662404110e+03 1.302444369099977393e+03 4.202412911811302365e+03 -1.185173151298292032e+04 8.013145056091639162e+03 2.937648245924561252e+03 -3.179025854077712665e+03 1.816994877415141332e+02 -1.217892371608695066e+04 7.063405378136242689e+03 1.714724235277566095e+03 2.623935109777784874e+03 3.443163184042031844e+03 1.771266135048022261e+04 8.097784833085666833e+03 2.770805168990920265e+03 2.527756369962765802e+03 -3.654327094032951663e+03 3.821098771548773129e+03 2.832116868868413349e+03 3.346146578459477951e+03 2.186371241195070525e+03
3.419603670345096816e+03 1.782477203286661734e+03 8.938724455808678613e+03 2.716019849093574067e+03 1.139999729305777510e+04 2.973920200456997190e+04 4.153083674035817239e+04 2.615726599138638903e+03 3.865281610146573712e+03 -3.096082352054419061e+03 4.631944264158969986e+02 3.465034846235941131e+03 2.054279004233832438e+03 9.549702480717951403e+03 1.628996633302926966e+04 2.533889334243665417e+03 -2.514455809387801128e+04 3.059646710818065571e+02 2.439615775525513072e+03 -2.339652902560831080e+03 -7.647215759694212238e+02 -1.056980879749503038e+04 1.654490006846318920e+03 2.538233384563530763e+03 3.986816088077555378e+03 -9.868873283849665086e+02 3.145481031417324175e+03 -2.593538037655040534e+04 2.018406606434787591e+03 1.418016757423001309e+03 -1.795828481011655094e+04 3.772961288012041678e+03 4.194229591171200809e+03 1.609178079653803070e+04 1.744639349781385590e+03 6.472333392743896184e+03 4.928484947656690565e+03 3.262660366756319036e+03 -7.276540801409267942e+02 -1.232124966154863159e+03 -1.473563446598690098e+04 3.499715875546391089e+03 -9.276744567216941277e+02 3.856927436312138070e+03 1.214896914533282597e+03 4.856991590843479571e+03 -5.548001564772390338e+03 -2.206965799583312037e+04 2.922987648605312188e+03 -1.116175254331674478e+04 1.724820165847887984e+04 -1.076709632686344958e+04 4.298713501591644672e+03 -1.103095234350817373e+04 3.670145878721437384e+03 1.691827863475250979e+03 -2.959033299385992723e+04 2.763545142659394969e+03 -2.067263501161300610e+03 -1.217292316358127664e+03 5.004421317780333993e+03 -2.762153977826294522e+03 3.704653796627549696e+02 -1.621272599794626331e+04 8.163046916515490921e+03 -2.678346374082435887e+03 -5.496971963709742340e+03 1.116228403523558700e+04 1.586443265553041329e+03 3.784117967173400302e+03 1.794272412382475068e+03 -2.100632867031501519e+04 -1.831409936724287491e+03 8.266285675958653883e+03 1.559165112429851615e+04 1.741874773661087966e+04 3.057192798602803578e+03 2.907568873395155151e+03 -5.508469242893215778e+03 -9.527483150325753741e+03 3.000308198679647376e+03 2.593979680068268408e+03 -4.268693841703777252e+03 3.041215216724145193e+03 1.295943009417964095e+04 -2.931162686874726546e+02 3.350759479821602781e+03 -9.876259375110810652e+03 -2.505749551213631639e+04 8.623981470069090847e+02 2.857562069907727619e+03 -4.385171920555681936e+03 -2.435388412798756690e+04 -4.323852828805391255e+03 1.483132104444822107e+04 3.945760450316070546e+03 6.901040815044558485e+02 2.973808374036046644e+03 1.509211536022777636e+03 2.916930281745213051e+03 -1.649884056789391707e+03 2.789096429238504697e+03 3.185203669985233773e+03 1.215719711768384059e+03 4.491423041287753222e+03 2.620090907337552835e+03 2.030414427405632068e+03 2.030597573663982530e+03 2.670766686690448751e+03 -1.239129655928729153e+04 2.122434654674901594e+03 -1.311503335781911483e+04 1.299327780157736470e+03 3.345969765737130274e+03 -1.126219270929697996e+04 1.775092263285064837e+04 4.323262880180905995e+03 -5.350787711169627073e+03 5.584644297513588754e+03 -2.600719691043310831e+03 -1.227038993983442015e+04 1.051639731975264658e+04 1.200668952183557485e+04 -3.070085159481094252e+03 1.897531259789074738e+03 2.858340855715739508e+03 -2.658619226104909467e+04 -1.179406945126881874e+04 -6.304204446386136624e+03 -5.580933838862516495e+03 -2.278501908355442720e+04 1.648756122336666067e+03 2.657747032297718306e+03 1.861206849533542027e+03 2.404422078192272966e+04 2.561652229193541189e+03 2.268573604202961360e+04 -1.266941205141191404e+03 1.349471816344129820e+03 -2.725741634981763582e+03
3.522402643341048588e+03 2.108588497510079105e+04 1.380121307293808741e+03 3.964874670172053357e+03 7.590246064088231833e+03 -1.096053840013743411e+03 3.016305554302075689e+04 3.179505110502186199e+03 2.635367283041066457e+03 4.631944264158969986e+02 4.570263409565839538e+04 -1.086608532209793157e+04 2.621624204827415724e+03 8.019372349277528883e+03 -1.107303261619018485e+04 2.261656643139141579e+03 -2.679274864231758784e+03 -2.805057494557099176e+02 2.122662615088689108e+03 6.866929055735832890e+02 -1.045663710378632913e+03 -1.097696895455667800e+04 -2.483262313001845996e+03 1.345088381042647143e+03 -1.166860990691050938e+04 2.146488471655583908e+03 1.932507369731030394e+03 -3.074829450979506510e+04 2.619551335798053969e+03 -3.124119921480873359e+02 1.892955013957749088e+03 2.514017369916140069e+03 -1.058532866711640781e+04 -5.500793382068221035e+03 1.103107652824780871e+03 1.899250843144481769e+04 6.694011720573473212e+03 2.077953345244277079e+04 -1.658587072076798449e+03 -1.119617429799126512e+04 -1.962570555119832079e+03 2.624891144766881098e+03 2.686220056595223923e+03 2.223169837829600056e+03 -1.158005346739716879e+04 -9.561631272071563217e+03 7.102595272883205553e+02 1.057952696491027200e+04 2.424301057655773093e+03 6.014599360572564365e+03 2.814736310984882493e+03 2.739160375625769575e+03 2.381813426751120915e+03 -1.805154151950687083e+04 2.536843068238290925e+03 3.213624592604479062e+02 -8.378774594505373898e+03 2.608056873572002132e+03 6.777597476822714270e+03 -9.677932966079153630e+03 2.043985495655740579e+03 1.461234203604458799e+03 1.694766668616226184e+02 1.212011124541837671e+04 2.389162607396384556e+04 4.043743335205073436e+03 -3.141365811105448665e+04 -8.853043819359541885e+03 3.054363591969887693e+03 2.325645533897857149e+03 1.602946960351838698e+03 2.023617835623620977e+03 3.136874469834323008e+03 8.598147475350106106e+03 1.522296150804445097e+04 3.483866475363115023e+04 2.663252228958475371e+03 1.773964451639856179e+03 -1.181775061183985417e+04 1.630718845109864105e+03 2.399249950282218833e+03 2.444148232132701014e+04 -1.948382475580141181e+04 2.423287513146120091e+03 -1.072973910925168639e+04 2.886204696181173404e+03 2.419841804590485026e+03 -1.771161140858900035e+04 2.761306299942004443e+03 -6.727756449123454331e+03 2.469147312890215744e+03 -4.531339382808693699e+03 1.488727935473843445e+03 -5.352892582061291250e+03 -2.512245803432218963e+04 2.491155712139735897e+03 4.338903658886383710e+03 8.186986801050967415e+02 2.384074320554210772e+03 2.565359231998155792e+03 1.369539404346085121e+03 -1.023692523616557992e+04 1.633543630822970499e+03 -3.259716623249100280e+02 -1.524283410272006040e+04 7.680282859084560414e+02 2.187344240502397497e+03 2.143964221343806912e+03 2.087395838500318860e+04 -1.209699893311416781e+04 2.132873446094281007e+03 2.858023132609146614e+03 2.258409373584568311e+04 -1.118501163626095331e+04 3.103054574896990289e+03 1.616894246799539724e+04 1.702798711380682653e+04 -1.854470397120347479e+04 2.368734437119624545e+03 -3.818017246542089651e+03 6.028151058012544127e+03 7.925488980190287293e+03 -4.522504668707550081e+03 2.799243563385112452e+02 2.161204256145226736e+03 2.088589575164245252e+04 -2.783771023811310442e+04 -1.163237699573539248e+04 -4.875941271835994485e+03 6.570145041867523332e+02 -1.249934474835229139e+03 -2.213142045600855636e+04 3.866121503628733535e+03 3.463284116982845831e+02 1.466479311337637682e+03 3.817464719636774589e+03 -1.150316242315397631e+03 2.027207777997843732e+04 4.527054305513752865e+02 3.575617432057335009e+03
