2.891507932088995576e+08 1.277543690156603158e+08 1.634235708811283708e+08 7.872563870776829123e+07 6.691463271034187078e+07 2.680836551044216454e+08 2.421771807103045285e+08 3.390836169504674673e+08 1.613037349119493067e+08 -5.296353786639432311e+08 1.043431539238741040e+09 5.896097853119046688e+08 1.898297906071934402e+08 1.954069958427466154e+08 1.373587386082819700e+08 8.729796873687890172e+07 -1.134885134764585495e+08 1.291305461188654155e+08 2.365363746449698210e+08 5.674949881781034172e+06 2.027863527295819521e+08 3.619524955393081903e+07 -1.977460082896294117e+09 3.037845979752607644e+06
1.277543690156603158e+08 -4.012738921184682369e+09 -2.244935299212520123e+09 -2.049916191827154160e+08 2.603082222381523252e+07 -5.325857500751288533e+08 -2.002467173485461175e+08 -9.400226375941437483e+08 -4.784535582287629843e+08 -1.643220085193175316e+09 -1.832485382843271255e+09 4.908542413404378891e+08 8.295419446193811297e+07 -1.145663175224540234e+09 2.961759504519084692e+08 -1.060156815835540891e+08 1.800141080516194820e+09 1.866901009303943634e+09 -5.257044462516964078e+08 -8.126896296361730099e+08 -5.724840760952631235e+08 -2.240899003721998930e+08 3.467097816456296921e+09 -1.981802680104230881e+09
1.634235708811283708e+08 -2.244935299212520123e+09 5.025918629403109550e+08 -5.689415342910222709e+07 5.614791300195753574e+06 -4.355455739124258757e+08 -2.331653879025055468e+08 -1.330205910291267633e+09 -4.252121309605108500e+08 9.374825761726977825e+08 -2.401401458509966373e+09 -1.693343455847301722e+09 5.323800429813492894e+08 1.174724887078020334e+09 -3.081438276956529915e+07 8.996382801180243492e+06 3.010657720079146862e+09 -2.201713077588118553e+09 -7.265524689515505731e+07 4.148153082215554267e+07 -2.318268541982308626e+08 -4.018307162895510346e+07 1.983193870908105373e+08 -4.608766765754490495e+08
7.872563870776829123e+07 -2.049916191827154160e+08 -5.689415342910222709e+07 1.775633321467337608e+08 1.025050068738526106e+08 1.814970140028694272e+07 1.658266453059711754e+08 -3.646495809432033896e+08 4.444395661057693958e+08 2.502302868813858926e+07 5.483955117990661860e+08 5.603079087437951565e+07 2.084708040949382484e+08 -4.151117145564454198e+08 -6.338458916719946265e+07 9.707325193653127551e+07 1.178121938629482031e+09 4.277135206460665166e+07 -2.182475351445907950e+08 -7.815569211477041245e+08 -2.776800999343770742e+08 1.679782556141823530e+07 3.164664567181302071e+09 -8.771928977477742434e+08
6.691463271034187078e+07 2.603082222381523252e+07 5.614791300195753574e+06 1.025050068738526106e+08 1.993547009977749586e+08 6.263198151540547609e+07 9.500223300837054849e+07 1.191661963443602026e+08 1.172289072525703609e+08 -9.436641617726683617e+07 1.878426460649082363e+08 8.174165236622342467e+07 7.057671348129367828e+07 1.856034237071465254e+08 1.138684589767272472e+08 5.424004055320085585e+07 1.419827472914126813e+08 -7.376226786764337122e+07 -2.471840989467475563e+07 3.946101265664798766e+07 7.165112481003120542e+06 1.433892676578431856e+06 -2.487176114470197260e+07 1.245667473077467084e+07
2.680836551044216454e+08 -5.325857500751288533e+08 -4.355455739124258757e+08 1.814970140028694272e+07 6.263198151540547609e+07 -1.408503293526864052e+07 3.837423033833298683e+08 2.071911511704040170e+08 1.795853340246889889e+08 -2.506774735053269863e+08 -4.861337509683448076e+08 -3.399449665815889835e+08 4.096463824812883139e+08 5.504827088375247717e+08 2.102322559131652117e+06 1.850335433126184344e+07 2.018370315906401277e+08 -2.289723716720246673e+08 1.702599493697718680e+08 -1.220206637365390062e+08 1.077965452635686100e+08 -2.989133795410413295e+07 4.023804512979693413e+08 -3.835160719222166538e+08
2.421771807103045285e+08 -2.002467173485461175e+08 -2.331653879025055468e+08 1.658266453059711754e+08 9.500223300837054849e+07 3.837423033833298683e+08 8.045633408378362656e+05 6.152910069308340549e+08 2.711137209823329449e+08 -3.051621899251115322e+08 1.343929380677831650e+09 6.186312686837399006e+07 1.274680430225702673e+08 8.090140081888382435e+08 1.077014337171197534e+08 7.671339561514243484e+07 2.809240821994399428e+08 -1.867981848055928051e+08 1.875608007637945712e+08 -6.841043065599927306e+07 5.769879006938962638e+07 4.063294583242011815e+07 1.490188660091751516e+08 -7.380741344563296437e+07
3.390836169504674673e+08 -9.400226375941437483e+08 -1.330205910291267633e+09 -3.646495809432033896e+08 1.191661963443602026e+08 2.071911511704040170e+08 6.152910069308340549e+08 1.720900154597358227e+09 3.443354903332109451e+08 -4.807877205311400890e+08 -4.939548730775439739e+08 -4.963703732378659844e+08 2.990290100894234776e+08 3.107504011109386444e+09 3.079005735159821510e+08 1.100135069977478385e+08 -1.052855226601551294e+09 -1.000862379211005330e+09 -3.351020353014633805e+07 2.996658087371326983e+07 4.433964106962732673e+08 -7.918535316612910479e+06 -1.458368556066447496e+07 -1.555539449283057153e+08
1.613037349119493067e+08 -4.784535582287629843e+08 -4.252121309605108500e+08 4.444395661057693958e+08 1.172289072525703609e+08 1.795853340246889889e+08 2.711137209823329449e+08 3.443354903332109451e+08 3.607315048721185923e+08 -5.064093836801473498e+08 8.802540731269536018e+08 1.907668761410886049e+07 7.609147071021595597e+07 2.868286951064157486e+07 1.009995212858668864e+08 8.098135103172069788e+07 1.335265993671368659e+08 1.013165822592830956e+08 2.409263870191554427e+08 5.246695305499619842e+08 4.944497442297993898e+08 4.274597239707076550e+07 1.064570496404187232e+08 9.820304830575433969e+08
-5.296353786639432311e+08 -1.643220085193175316e+09 9.374825761726977825e+08 2.502302868813858926e+07 -9.436641617726683617e+07 -2.506774735053269863e+08 -3.051621899251115322e+08 -4.807877205311400890e+08 -5.064093836801473498e+08 -1.530707724093289852e+09 -1.491845174200491667e+09 -1.180538103948213577e+09 1.383599981075115502e+07 -3.367545628536205888e+08 -3.856982314168840647e+07 1.327202785330742598e+06 2.300835158756215096e+09 -1.746002053841868162e+09 -1.428954362414603233e+08 -9.899885092454376817e+07 -2.318268545747692585e+08 -1.538497056585243940e+08 7.602408893104038239e+08 -4.608766575672736168e+08
1.043431539238741040e+09 -1.832485382843271255e+09 -2.401401458509966373e+09 5.483955117990661860e+08 1.878426460649082363e+08 -4.861337509683448076e+08 1.343929380677831650e+09 -4.939548730775439739e+08 8.802540731269536018e+08 -1.491845174200491667e+09 -3.891894853633310795e+09 -1.484328185301857233e+09 2.871106195119049549e+08 2.326068305341240764e+07 -1.688984624483831227e+08 1.406154674963760376e+08 5.183296272597737908e+08 -8.407335514119987488e+08 1.092673288607548326e+08 -9.146817101659749746e+08 -9.268854254398474097e+07 -2.437947528341241777e+08 -1.689509347038605809e+08 1.789492838211031437e+09
5.896097853119046688e+08 4.908542413404378891e+08 -1.693343455847301722e+09 5.603079087437951565e+07 8.174165236622342467e+07 -3.399449665815889835e+08 6.186312686837399006e+07 -4.963703732378659844e+08 1.907668761410886049e+07 -1.180538103948213577e+09 -1.484328185301857233e+09 1.897803228432341576e+09 4.654535417622050643e+07 1.224255416979379654e+08 -3.029438113442350626e+08 -4.962536119656953216e+07 9.940803285233163834e+08 1.213911400767056346e+08 -4.457239136323571205e+08 -6.919642937704764605e+08 5.298402495204554200e+08 -1.047299695455048978e+08 2.968831411329055309e+09 -1.737059509520817518e+09
1.898297906071934402e+08 8.295419446193811297e+07 5.323800429813492894e+08 2.084708040949382484e+08 7.057671348129367828e+07 4.096463824812883139e+08 1.274680430225702673e+08 2.990290100894234776e+08 7.609147071021595597e+07 1.383599981075115502e+07 2.871106195119049549e+08 4.654535417622050643e+07 2.852391544429894686e+08 5.901888091628155112e+07 1.614739147286743522e+08 8.812800303653168678e+07 -2.063242721102060974e+08 -1.591910284775493145e+08 5.588753813084538281e+07 1.960878483895739913e+08 1.666259247568026185e+08 2.766868882022034004e+07 -6.960586595861901045e+08 -5.729103006197854280e+08
1.954069958427466154e+08 -1.145663175224540234e+09 1.174724887078020334e+09 -4.151117145564454198e+08 1.856034237071465254e+08 5.504827088375247717e+08 8.090140081888382435e+08 3.107504011109386444e+09 2.868286951064157486e+07 -3.367545628536205888e+08 2.326068305341240764e+07 1.224255416979379654e+08 5.901888091628155112e+07 1.869970121001620054e+09 -1.821328819403913617e+08 9.693907146351127326e+07 -2.252342155188382149e+09 6.528927341029498577e+08 1.537099254618812501e+08 -6.017438020383421183e+08 1.423669309499562740e+09 7.933774844343648851e+07 -5.732122432317763329e+09 -1.733255325799310207e+09
1.373587386082819700e+08 2.961759504519084692e+08 -3.081438276956529915e+07 -6.338458916719946265e+07 1.138684589767272472e+08 2.102322559131652117e+06 1.077014337171197534e+08 3.079005735159821510e+08 1.009995212858668864e+08 -3.856982314168840647e+07 -1.688984624483831227e+08 -3.029438113442350626e+08 1.614739147286743522e+08 -1.821328819403913617e+08 -5.398442887340226173e+08 9.859248402700138092e+07 3.216533912734854221e+08 -5.305481024128209054e+07 -5.944015980073732138e+07 -1.823869648719716966e+08 -6.049094509983445406e+08 1.888865489228803292e+07 7.706138872844731808e+08 5.020410102639089823e+08
8.729796873687890172e+07 -1.060156815835540891e+08 8.996382801180243492e+06 9.707325193653127551e+07 5.424004055320085585e+07 1.850335433126184344e+07 7.671339561514243484e+07 1.100135069977478385e+08 8.098135103172069788e+07 1.327202785330742598e+06 1.406154674963760376e+08 -4.962536119656953216e+07 8.812800303653168678e+07 9.693907146351127326e+07 9.859248402700138092e+07 2.085877907456142008e+08 1.592322238395445347e+08 -1.363853328428391218e+08 -2.635181157764136419e+07 -4.409343414273217320e+07 -3.722271676017403603e+07 -3.766851033649039920e+06 1.054886561749260426e+08 1.093293422083864361e+08
-1.134885134764585495e+08 1.800141080516194820e+09 3.010657720079146862e+09 1.178121938629482031e+09 1.419827472914126813e+08 2.018370315906401277e+08 2.809240821994399428e+08 -1.052855226601551294e+09 1.335265993671368659e+08 2.300835158756215096e+09 5.183296272597737908e+08 9.940803285233163834e+08 -2.063242721102060974e+08 -2.252342155188382149e+09 3.216533912734854221e+08 1.592322238395445347e+08 2.850499945936763763e+09 -5.489999964340735674e+08 -4.879862718181288242e+08 4.135132757101145387e+07 -3.727711358072422743e+08 7.175074287686578929e+07 -2.191229002654635310e+08 3.618120162104024291e+08
1.291305461188654155e+08 1.866901009303943634e+09 -2.201713077588118553e+09 4.277135206460665166e+07 -7.376226786764337122e+07 -2.289723716720246673e+08 -1.867981848055928051e+08 -1.000862379211005330e+09 1.013165822592830956e+08 -1.746002053841868162e+09 -8.407335514119987488e+08 1.213911400767056346e+08 -1.591910284775493145e+08 6.528927341029498577e+08 -5.305481024128209054e+07 -1.363853328428391218e+08 -5.489999964340735674e+08 1.996613064715344429e+09 -5.257044462516964078e+08 -8.126896296361730099e+08 -5.724840760952631235e+08 -1.104232661987721026e+08 -4.858974655766222000e+09 -1.981802680104230881e+09
2.365363746449698210e+08 -5.257044462516964078e+08 -7.265524689515505731e+07 -2.182475351445907950e+08 -2.471840989467475563e+07 1.702599493697718680e+08 1.875608007637945712e+08 -3.351020353014633805e+07 2.409263870191554427e+08 -1.428954362414603233e+08 1.092673288607548326e+08 -4.457239136323571205e+08 5.588753813084538281e+07 1.537099254618812501e+08 -5.944015980073732138e+07 -2.635181157764136419e+07 -4.879862718181288242e+08 -5.257044462516964078e+08 0.000000000000000000e+00 0.000000000000000000e+00 0.000000000000000000e+00 -3.292509111065870151e+07 0.000000000000000000e+00 0.000000000000000000e+00
5.674949881781034172e+06 -8.126896296361730099e+08 4.148153082215554267e+07 -7.815569211477041245e+08 3.946101265664798766e+07 -1.220206637365390062e+08 -6.841043065599927306e+07 2.996658087371326983e+07 5.246695305499619842e+08 -9.899885092454376817e+07 -9.146817101659749746e+08 -6.919642937704764605e+08 1.960878483895739913e+08 -6.017438020383421183e+08 -1.823869648719716966e+08 -4.409343414273217320e+07 4.135132757101145387e+07 -8.126896296361730099e+08 0.000000000000000000e+00 0.000000000000000000e+00 0.000000000000000000e+00 -2.634007288852696121e+08 0.000000000000000000e+00 0.000000000000000000e+00
2.027863527295819521e+08 -5.724840760952631235e+08 -2.318268541982308626e+08 -2.776800999343770742e+08 7.165112481003120542e+06 1.077965452635686100e+08 5.769879006938962638e+07 4.433964106962732673e+08 4.944497442297993898e+08 -2.318268545747692585e+08 -9.268854254398474097e+07 5.298402495204554200e+08 1.666259247568026185e+08 1.423669309499562740e+09 -6.049094509983445406e+08 -3.722271676017403603e+07 -3.727711358072422743e+08 -5.724840760952631235e+08 0.000000000000000000e+00 0.000000000000000000e+00 0.000000000000000000e+00 6.585018222131740302e+07 0.000000000000000000e+00 0.000000000000000000e+00
3.619524955393081903e+07 -2.240899003721998930e+08 -4.018307162895510346e+07 1.679782556141823530e+07 1.433892676578431856e+06 -2.989133795410413295e+07 4.063294583242011815e+07 -7.918535316612910479e+06 4.274597239707076550e+07 -1.538497056585243940e+08 -2.437947528341241777e+08 -1.047299695455048978e+08 2.766868882022034004e+07 7.933774844343648851e+07 1.888865489228803292e+07 -3.766851033649039920e+06 7.175074287686578929e+07 -1.104232661987721026e+08 -3.292509111065870151e+07 -2.634007288852696121e+08 6.585018222131740302e+07 0.000000000000000000e+00 5.268014577705392241e+08 3.951010933279042244e+08
-1.977460082896294117e+09 3.467097816456296921e+09 1.983193870908105373e+08 3.164664567181302071e+09 -2.487176114470197260e+07 4.023804512979693413e+08 1.490188660091751516e+08 -1.458368556066447496e+07 1.064570496404187232e+08 7.602408893104038239e+08 -1.689509347038605809e+08 2.968831411329055309e+09 -6.960586595861901045e+08 -5.732122432317763329e+09 7.706138872844731808e+08 1.054886561749260426e+08 -2.191229002654635310e+08 -4.858974655766222000e+09 0.000000000000000000e+00 0.000000000000000000e+00 0.000000000000000000e+00 5.268014577705392241e+08 0.000000000000000000e+00 0.000000000000000000e+00
3.037845979752607644e+06 -1.981802680104230881e+09 -4.608766765754490495e+08 -8.771928977477742434e+08 1.245667473077467084e+07 -3.835160719222166538e+08 -7.380741344563296437e+07 -1.555539449283057153e+08 9.820304830575433969e+08 -4.608766575672736168e+08 1.789492838211031437e+09 -1.737059509520817518e+09 -5.729103006197854280e+08 -1.733255325799310207e+09 5.020410102639089823e+08 1.093293422083864361e+08 3.618120162104024291e+08 -1.981802680104230881e+09 0.000000000000000000e+00 0.000000000000000000e+00 0.000000000000000000e+00 3.951010933279042244e+08 0.000000000000000000e+00 0.000000000000000000e+00
