2.769495362113293726e+06 -1.213656573197667487e+06 -1.627044616310028359e+06 -1.778421819952495862e+06 -1.194380043588878354e+06 -1.534413924774289364e+06 1.099251882447190816e+06 5.401007879145921906e+05 -2.026603953486048384e+06 -1.399659591391810449e+06 -1.701886325035130139e+06 -1.258096204420520691e+06 2.906785795402137446e+05 9.463319779672853183e+05 -1.274112713681441266e+06 1.317174041845287662e+06 -1.408451750240190420e+06 1.758628511817841092e+06 -7.816673892303244793e+04 -1.718000320996294613e+05 -9.577477809426878230e+04 1.493126076251129598e+04 6.792178562872812618e+05 -3.697950833213053993e+05
-1.213656573197667487e+06 1.395868577387379250e+06 1.310351269647536334e+06 3.237182893721171422e+05 1.369784515008921968e+06 8.031287725836540340e+05 5.143625980532186222e+05 -1.276986042654766236e+06 4.103014117378595984e+05 9.288421053654255811e+05 7.272498345015249215e+05 -6.163024538461570046e+03 2.936261458259708015e+05 -9.579869637425174005e+05 9.736906932693158742e+05 -1.643046807228025980e+06 9.614172118774994742e+05 -2.801718615214024903e+05 7.589404514904761163e+04 3.569029160405895673e+05 1.792425460564291570e+05 -1.353013111570201363e+04 -1.220753334297736408e+06 7.013345381112054456e+05
-1.627044616310028359e+06 1.310351269647536334e+06 -5.507310668528677197e+05 1.350754066293652868e+05 5.080990613117218018e+05 9.077966168131714221e+05 -9.448342571435611462e+05 -7.988555786661409074e+05 9.524707768552705238e+04 8.725333079719457310e+05 1.127795411571227014e+06 4.811233030481846654e+05 -4.680450851103406749e+05 -4.207052312719725887e+04 3.492146535751730553e+05 -7.272450242242958630e+05 -5.441544180695463729e+04 -2.200579801802868955e+06 8.879552410165303445e+04 2.756237219062003423e+05 1.028005549730892526e+05 -7.783323836894677697e+03 -8.079755806083732750e+05 4.149870142549386946e+05
-1.778421819952495862e+06 3.237182893721171422e+05 1.350754066293652868e+05 1.954802687029811088e+06 1.331892488210087875e+06 8.994368228843669640e+05 2.540401010672594712e+05 -1.032517001132289413e+06 -1.268675962127958192e+05 1.286389496047083230e+05 3.576935893432599260e+05 8.370204172595542332e+03 -4.522061135006009717e+05 -1.838889574057332007e+06 -4.276943702081189258e+01 -1.911204377653677016e+06 -2.975588218160427059e+05 -1.252116264566992642e+06 4.067100837715754460e+04 1.464604248852010351e+05 6.769267875216368702e+04 -2.038427466486406047e+03 -3.761497933617569506e+05 2.861551093873093487e+05
-1.194380043588878354e+06 1.369784515008921968e+06 5.080990613117218018e+05 1.331892488210087875e+06 4.078266728051109239e+06 1.982396010809321655e+06 4.112910733894128352e+05 -1.364050439224410802e+06 3.668614789249463356e+05 1.269720091996386880e+06 1.131323963704980211e+06 6.965956051855445839e+05 -7.796127528016194992e+04 -1.146722171906229109e+06 8.026177258722765837e+05 -1.940484372020568000e+06 4.343712142995772301e+05 -1.024759742520282743e+06 -2.601705958863740670e+04 -1.693035206128183199e+04 -3.393382215031220767e+03 7.680931836517099327e+03 5.405849097436279408e+03 -1.053774834140057646e+04
-1.534413924774289364e+06 8.031287725836540340e+05 9.077966168131714221e+05 8.994368228843669640e+05 1.982396010809321655e+06 3.505687458633675706e+06 5.215253356394995353e+05 -1.044927018408528296e+06 2.804538168379053823e+05 8.382064248151967768e+05 6.754607024396015331e+05 2.083303138175771164e+04 8.341304684684998938e+04 -1.364433181719341781e+06 4.484337817898751819e+05 -2.070806860441692173e+06 -3.112920598242330016e+04 -1.400575479128090665e+06 5.505761981896674843e+04 1.752360464934847842e+05 8.771073641167496680e+04 -4.204412409950201436e+03 -6.673528271099885460e+05 4.513740260805700673e+05
1.099251882447190816e+06 5.143625980532186222e+05 -9.448342571435611462e+05 2.540401010672594712e+05 4.112910733894128352e+05 5.215253356394995353e+05 4.417212156428666785e+06 5.963280073421380948e+05 8.814568119908770313e+05 -2.692498671378267463e+05 -2.348538817362055706e+05 2.615019400870360550e+05 -1.665431763525748625e+06 8.104931048259339295e+05 -3.401519753557592630e+05 4.367716792933781398e+05 -4.811115640056934208e+05 4.125463483609987888e+05 -4.928067181787476147e+04 -8.726178782184947340e+04 -5.857443046964405221e+04 9.930035954035778559e+03 5.023833230227464810e+05 -1.824782387364643509e+05
5.401007879145921906e+05 -1.276986042654766236e+06 -7.988555786661409074e+05 -1.032517001132289413e+06 -1.364050439224410802e+06 -1.044927018408528296e+06 5.963280073421380948e+05 3.971918939051661175e+06 -8.108282430787843186e+05 -3.378203440698733320e+05 -7.013790297598793404e+05 -1.108467001869373955e+06 3.048343883518811199e+05 6.907869748412447516e+05 -6.116600964921632549e+05 1.281539525038748281e+06 -2.848737206433278625e+05 1.988927539910956984e+06 -7.568837328640927444e+04 -2.104376905496298568e+05 -1.006576646011462726e+05 1.251073383737103359e+04 7.678438319643649738e+05 -4.644281998038503807e+05
-2.026603953486048384e+06 4.103014117378595984e+05 9.524707768552705238e+04 -1.268675962127958192e+05 3.668614789249463356e+05 2.804538168379053823e+05 8.814568119908770313e+05 -8.108282430787843186e+05 2.136274711625212803e+06 5.866859130876797717e+05 3.992472503941293107e+05 -2.679800360021513916e+04 2.754701324663577834e+05 -3.847400197398446035e+05 4.104514739990166272e+05 -9.657613446594632696e+05 1.291890511467283213e+05 -6.789994845666559413e+05 -2.329112944087991491e+04 2.407417311171511028e+04 -4.990463138498715853e+04 9.276195186097684200e+03 3.991325422812983743e+05 -1.490123608883178968e+05
-1.399659591391810449e+06 9.288421053654255811e+05 8.725333079719457310e+05 1.286389496047083230e+05 1.269720091996386880e+06 8.382064248151967768e+05 -2.692498671378267463e+05 -3.378203440698733320e+05 5.866859130876797717e+05 1.799618776570727117e+06 1.059979166587102925e+06 4.059624987520073773e+02 1.553428606498446898e+05 -1.928143247149572417e+05 1.413443990584246581e+06 -1.346930793683685130e+06 9.733278104418126168e+05 -1.207786972414025338e+06 3.348556760049358854e+04 1.164633874854297028e+05 2.120441621042836414e+04 2.280026420198633332e+03 -2.719671808923030039e+05 3.035315216368233087e+04
-1.701886325035130139e+06 7.272498345015249215e+05 1.127795411571227014e+06 3.576935893432599260e+05 1.131323963704980211e+06 6.754607024396015331e+05 -2.348538817362055706e+05 -7.013790297598793404e+05 3.992472503941293107e+05 1.059979166587102925e+06 2.033372164454998216e+06 -6.441604174588624155e+05 8.677933874874810863e+04 -2.490013558512666496e+05 4.973113142224741168e+05 -9.584274514110354939e+05 1.968292364420343074e+05 -1.366899298539175419e+06 1.097313691389681117e+04 8.205466579811471456e+04 3.934440111415214778e+04 -2.425735810018807115e+02 -1.042894978622149938e+05 3.410115484452685632e+04
-1.258096204420520691e+06 -6.163024538461570046e+03 4.811233030481846654e+05 8.370204172595542332e+03 6.965956051855445839e+05 2.083303138175771164e+04 2.615019400870360550e+05 -1.108467001869373955e+06 -2.679800360021513916e+04 4.059624987520073773e+02 -6.441604174588624155e+05 6.748732634574910626e+05 -1.475547958230837539e+05 -5.041811514631168684e+05 -4.455896926484892028e+05 -1.998280298423832282e+06 4.969211982502705650e+05 -1.182637392687412445e+06 -1.623760156926058153e+04 -1.056311002709287277e+05 -5.721277294518098643e+04 7.475905199359061953e+03 2.775697001451608958e+05 7.955394096655462636e+04
2.906785795402137446e+05 2.936261458259708015e+05 -4.680450851103406749e+05 -4.522061135006009717e+05 -7.796127528016194992e+04 8.341304684684998938e+04 -1.665431763525748625e+06 3.048343883518811199e+05 2.754701324663577834e+05 1.553428606498446898e+05 8.677933874874810863e+04 -1.475547958230837539e+05 2.390014471379041206e+06 6.076929746819827706e+05 -5.262209615111359162e+05 -3.135928697324855602e+04 3.112495158374492894e+04 -1.082859821228296030e+06 -2.661106050441035768e+04 -5.316340047319678706e+04 -5.211005994597008976e+04 9.196409702822098552e+03 4.083453597176452167e+05 8.639594959768815897e+03
9.463319779672853183e+05 -9.579869637425174005e+05 -4.207052312719725887e+04 -1.838889574057332007e+06 -1.146722171906229109e+06 -1.364433181719341781e+06 8.104931048259339295e+05 6.907869748412447516e+05 -3.847400197398446035e+05 -1.928143247149572417e+05 -2.490013558512666496e+05 -5.041811514631168684e+05 6.076929746819827706e+05 1.784054047095674789e+06 -1.919703834471244190e+05 5.320657982055314351e+05 -1.004823088203682273e+05 1.591832958563444670e+06 -5.711753007730939862e+04 -1.161092944964073540e+05 -6.683080898778566916e+04 1.074598842372560466e+04 4.310425695135386777e+05 -2.389063921126400237e+05
-1.274112713681441266e+06 9.736906932693158742e+05 3.492146535751730553e+05 -4.276943702081189258e+01 8.026177258722765837e+05 4.484337817898751819e+05 -3.401519753557592630e+05 -6.116600964921632549e+05 4.104514739990166272e+05 1.413443990584246581e+06 4.973113142224741168e+05 -4.455896926484892028e+05 -5.262209615111359162e+05 -1.919703834471244190e+05 1.720044562917622738e+06 -1.189861042536777211e+06 -2.232229186662569409e+05 -1.941000666074422188e+06 8.734741965200539562e+04 1.674433428405229643e+05 3.916686516592801490e+04 -1.644909775000361151e+03 -1.785310382450692414e+05 1.787621372149168747e+05
1.317174041845287662e+06 -1.643046807228025980e+06 -7.272450242242958630e+05 -1.911204377653677016e+06 -1.940484372020568000e+06 -2.070806860441692173e+06 4.367716792933781398e+05 1.281539525038748281e+06 -9.657613446594632696e+05 -1.346930793683685130e+06 -9.584274514110354939e+05 -1.998280298423832282e+06 -3.135928697324855602e+04 5.320657982055314351e+05 -1.189861042536777211e+06 3.086007703524698038e+06 -1.247848371305165347e+06 1.539949332686475245e+06 -5.592368400564522017e+04 -6.826625035603987635e+04 -4.240881700777499645e+04 9.343650053704306629e+03 3.716738891534884460e+05 -1.279300120745924651e+05
-1.408451750240190420e+06 9.614172118774994742e+05 -5.441544180695463729e+04 -2.975588218160427059e+05 4.343712142995772301e+05 -3.112920598242330016e+04 -4.811115640056934208e+05 -2.848737206433278625e+05 1.291890511467283213e+05 9.733278104418126168e+05 1.968292364420343074e+05 4.969211982502705650e+05 3.112495158374492894e+04 -1.004823088203682273e+05 -2.232229186662569409e+05 -1.247848371305165347e+06 1.162781722345466493e+06 -2.636946076738986187e+06 3.934392392965931504e+04 1.897345472616674961e+05 1.043347992142201256e+05 -4.961114227258720348e+03 -4.284603349947353709e+05 3.208263859952997300e+05
1.758628511817841092e+06 -2.801718615214024903e+05 -2.200579801802868955e+06 -1.252116264566992642e+06 -1.024759742520282743e+06 -1.400575479128090665e+06 4.125463483609987888e+05 1.988927539910956984e+06 -6.789994845666559413e+05 -1.207786972414025338e+06 -1.366899298539175419e+06 -1.182637392687412445e+06 -1.082859821228296030e+06 1.591832958563444670e+06 -1.941000666074422188e+06 1.539949332686475245e+06 -2.636946076738986187e+06 5.418850443581056781e+06 -1.009985254895982944e+05 -2.189055858509560348e+05 -1.452393024048966181e+05 2.054616577868349486e+04 8.953878247343320400e+05 -5.045066242297526333e+05
-7.816673892303244793e+04 7.589404514904761163e+04 8.879552410165303445e+04 4.067100837715754460e+04 -2.601705958863740670e+04 5.505761981896674843e+04 -4.928067181787476147e+04 -7.568837328640927444e+04 -2.329112944087991491e+04 3.348556760049358854e+04 1.097313691389681117e+04 -1.623760156926058153e+04 -2.661106050441035768e+04 -5.711753007730939862e+04 8.734741965200539562e+04 -5.592368400564522017e+04 3.934392392965931504e+04 -1.009985254895982944e+05 0.000000000000000000e+00 3.821417772754932685e+03 0.000000000000000000e+00 -1.098657609667042152e+03 0.000000000000000000e+00 -1.222853687281577186e+04
-1.718000320996294613e+05 3.569029160405895673e+05 2.756237219062003423e+05 1.464604248852010351e+05 -1.693035206128183199e+04 1.752360464934847842e+05 -8.726178782184947340e+04 -2.104376905496298568e+05 2.407417311171511028e+04 1.164633874854297028e+05 8.205466579811471456e+04 -1.056311002709287277e+05 -5.316340047319678706e+04 -1.161092944964073540e+05 1.674433428405229643e+05 -6.826625035603987635e+04 1.897345472616674961e+05 -2.189055858509560348e+05 3.821417772754932685e+03 1.100568318553420104e+05 0.000000000000000000e+00 -2.770527885247324321e+03 0.000000000000000000e+00 -1.100568318553420104e+05
-9.577477809426878230e+04 1.792425460564291570e+05 1.028005549730892526e+05 6.769267875216368702e+04 -3.393382215031220767e+03 8.771073641167496680e+04 -5.857443046964405221e+04 -1.006576646011462726e+05 -4.990463138498715853e+04 2.120441621042836414e+04 3.934440111415214778e+04 -5.721277294518098643e+04 -5.211005994597008976e+04 -6.683080898778566916e+04 3.916686516592801490e+04 -4.240881700777499645e+04 1.043347992142201256e+05 -1.452393024048966181e+05 0.000000000000000000e+00 0.000000000000000000e+00 0.000000000000000000e+00 3.821417772754928706e+02 0.000000000000000000e+00 0.000000000000000000e+00
1.493126076251129598e+04 -1.353013111570201363e+04 -7.783323836894677697e+03 -2.038427466486406047e+03 7.680931836517099327e+03 -4.204412409950201436e+03 9.930035954035778559e+03 1.251073383737103359e+04 9.276195186097684200e+03 2.280026420198633332e+03 -2.425735810018807115e+02 7.475905199359061953e+03 9.196409702822098552e+03 1.074598842372560466e+04 -1.644909775000361151e+03 9.343650053704306629e+03 -4.961114227258720348e+03 2.054616577868349486e+04 -1.098657609667042152e+03 -2.770527885247324321e+03 3.821417772754928706e+02 1.313612359384507329e+02 -2.292850663652958247e+03 -7.642835545509857411e+02
6.792178562872812618e+05 -1.220753334297736408e+06 -8.079755806083732750e+05 -3.761497933617569506e+05 5.405849097436279408e+03 -6.673528271099885460e+05 5.023833230227464810e+05 7.678438319643649738e+05 3.991325422812983743e+05 -2.719671808923030039e+05 -1.042894978622149938e+05 2.775697001451608958e+05 4.083453597176452167e+05 4.310425695135386777e+05 -1.785310382450692414e+05 3.716738891534884460e+05 -4.284603349947353709e+05 8.953878247343320400e+05 0.000000000000000000e+00 0.000000000000000000e+00 0.000000000000000000e+00 -2.292850663652958247e+03 0.000000000000000000e+00 0.000000000000000000e+00
-3.697950833213053993e+05 7.013345381112054456e+05 4.149870142549386946e+05 2.861551093873093487e+05 -1.053774834140057646e+04 4.513740260805700673e+05 -1.824782387364643509e+05 -4.644281998038503807e+05 -1.490123608883178968e+05 3.035315216368233087e+04 3.410115484452685632e+04 7.955394096655462636e+04 8.639594959768815897e+03 -2.389063921126400237e+05 1.787621372149168747e+05 -1.279300120745924651e+05 3.208263859952997300e+05 -5.045066242297526333e+05 -1.222853687281577186e+04 -1.100568318553420104e+05 0.000000000000000000e+00 -7.642835545509857411e+02 0.000000000000000000e+00 4.891414749126313836e+05
