7.985690467898629322e+03 4.846656213236169606e+03 4.818065984285947707e+03 -1.458617304575306434e+03 -4.035061419125269367e+03 6.144374586992202012e+02 3.797580104742645517e+02 5.446243654433133088e+03 2.927910198242941078e+03 -6.828303477612492316e+03 1.471694843969743124e+04 9.052464520662209907e+03 -3.225155013777246040e+03 5.647670837675185794e+03 2.899723959258321884e+03 1.148551962191168059e+03 -5.515082648722347585e+03 5.246127454090025140e+02 8.962142649877591793e+01 -2.455048306613699651e+02 2.584198052526377296e+02 3.373386081850419487e+02 -4.828407232600936823e+02 4.066444664503878812e+02
4.846656213236169606e+03 5.346593012774485032e+03 1.058745002079056030e+04 -1.453132485875240945e+03 -2.713248627625940117e+03 -3.660141205654064379e+03 4.590655831921375466e+03 3.357070770121276382e+03 4.054178069500219408e+02 -1.466145915673747368e+03 1.780421485413489427e+04 1.096820516043994576e+04 -2.654160597555302957e+03 6.601883401767321629e+03 7.939342590075980297e+02 9.610557328543144422e+02 -1.480801752643370037e+03 1.503489133015138577e+03 -1.235331659147828759e+03 3.384010893626038069e+03 -3.562029903127177931e+03 -4.649837793620376033e+03 6.655422137952680714e+03 -5.605142041607368810e+03
4.818065984285947707e+03 1.058745002079056030e+04 5.048773839696302275e+03 -8.839241672500355662e+02 -5.841590398575353902e+03 5.840174797081786892e+03 -1.339702864199320402e+03 5.581791632288593064e+03 8.952030163333156452e+03 -7.124694529015881926e+03 1.488098051614141696e+04 1.074865967873382760e+04 -3.863156876031500815e+03 7.173787275989119735e+03 8.775353182732509595e+03 2.242242779621197769e+03 -5.039472021469899119e+03 -8.683960968429587410e+02 5.617644462015452973e+02 -1.538871790344755254e+03 1.619825543712419858e+03 2.114503899137333065e+03 -3.026539063350165179e+03 2.548926467505241817e+03
-1.458617304575306434e+03 -1.453132485875240945e+03 -8.839241672500355662e+02 -1.320555331356721217e+04 -8.728735963863864527e+03 -4.959502749072343249e+03 -5.103992742298083613e+03 1.000791734324939171e+03 -3.374775075763943278e+03 -1.309168570826502400e+04 8.898589178711610657e+03 3.029727998950043911e+03 -8.112275454269460170e+03 -6.487964113876222427e+01 -3.463001249714212463e+03 -4.118528632366421334e+03 -1.168717673953476333e+04 -4.217176291201275490e+03 2.805250365715762655e+02 -7.684574366769222706e+02 8.088828639904451165e+02 1.055907457394466292e+03 -1.511345173115908437e+03 1.272842544759633483e+03
-4.035061419125269367e+03 -2.713248627625940117e+03 -5.841590398575353902e+03 -8.728735963863864527e+03 -2.282973485412863374e+04 -5.109099875193010121e+03 -9.285908758585192118e+03 -2.184048602025904984e+01 -4.468860539360228358e+03 -1.793923819940286921e+04 5.202317260430162605e+03 -1.385663356625200606e+02 -1.046938342205578556e+04 -2.728283648547062967e+03 -4.764756900496662638e+03 -6.170879156898962719e+03 -1.588793896683402090e+04 -6.747001361522964544e+03 9.408356389228641774e+02 -2.577281991626852687e+03 2.712862287472065418e+03 3.541342963928412246e+03 -5.068807419051512625e+03 4.268908112302660811e+03
6.144374586992202012e+02 -3.660141205654064379e+03 5.840174797081786892e+03 -4.959502749072343249e+03 -5.109099875193010121e+03 -1.656179474205596125e+04 3.415039329607602667e+02 1.498032547636999880e+03 -5.941345384476304389e+03 -7.574955099160348254e+03 1.272754878366479898e+04 5.377288831994695101e+03 -5.530256751011454980e+03 1.741713924210920140e+03 -5.690086489243408323e+03 -2.845318345782089182e+03 -7.393522276131188846e+03 -1.014646057505906128e+03 -7.989057209780270341e+02 2.188485704965096829e+03 -2.303613008037187683e+03 -3.007113111511545412e+03 4.304151646818640984e+03 -3.624921335406006165e+03
3.797580104742645517e+02 4.590655831921375466e+03 -1.339702864199320402e+03 -5.103992742298083613e+03 -9.285908758585192118e+03 3.415039329607602667e+02 -1.043807697394834395e+04 1.828398121612183786e+03 2.889587377430046217e+03 -1.173593680199859955e+04 1.039945853448528396e+04 5.812926133487822881e+03 -7.673637797263131688e+03 2.439600360179527343e+03 2.714958094035207978e+03 -2.159906662360843256e+03 -9.777457927066714547e+03 -4.431599466271324673e+03 5.552531315761921178e+02 -1.521034973823313521e+03 1.601050416130800613e+03 2.089995002538800236e+03 -2.991458920901027795e+03 2.519382267610662893e+03
5.446243654433133088e+03 3.357070770121276382e+03 5.581791632288593064e+03 1.000791734324939171e+03 -2.184048602025904984e+01 1.498032547636999880e+03 1.828398121612183786e+03 2.037573958376772498e+04 1.417811053140276272e+03 -7.962839464120432240e+03 1.500694981612505762e+04 8.619788189293560208e+03 1.151004419484761456e+02 6.227191353249882013e+03 1.200825491212368888e+03 3.189114326791743679e+03 -6.384003697743453813e+03 4.365626921296919136e+03 6.899297915361260038e+02 -1.889962021439709360e+03 1.989385222954415440e+03 2.596923312948764760e+03 -3.717037301321194718e+03 3.130458480527461234e+03
2.927910198242941078e+03 4.054178069500219408e+02 8.952030163333156452e+03 -3.374775075763943278e+03 -4.468860539360228358e+03 -5.941345384476304389e+03 2.889587377430046217e+03 1.417811053140276272e+03 -3.772377112785785812e+03 -3.226445584284482266e+03 1.597011837439830560e+04 9.020581057461218734e+03 -4.493411967568493310e+03 4.644335085557788261e+03 -1.480413130440075520e+03 -9.948357829742370768e+02 -3.313525246573151890e+03 -2.833152354630326499e+02 -1.290208293356411559e+03 3.534337404247963605e+03 -3.720264499238691315e+03 -4.856395596715575266e+03 6.951073153578785423e+03 -5.854136917283040930e+03
-6.828303477612492316e+03 -1.466145915673747368e+03 -7.124694529015881926e+03 -1.309168570826502400e+04 -1.793923819940286921e+04 -7.574955099160348254e+03 -1.173593680199859955e+04 -7.962839464120432240e+03 -3.226445584284482266e+03 -3.292302846238318307e+04 4.349779156127638998e+03 -4.183888217605544924e+01 -1.607572642710013315e+04 -4.221730382826877758e+03 -3.201966386306442473e+03 -9.934986424782637187e+03 -1.493520833251458316e+04 -1.305155811172623726e+04 -7.783431567242195115e+01 2.132157476681286425e+02 -2.244321609085545788e+02 -2.929714152447941160e+02 4.193369076460694487e+02 -3.531621592801961924e+02
1.471694843969743124e+04 1.780421485413489427e+04 1.488098051614141696e+04 8.898589178711610657e+03 5.202317260430162605e+03 1.272754878366479898e+04 1.039945853448528396e+04 1.500694981612505762e+04 1.597011837439830560e+04 4.349779156127638998e+03 5.120319477996293426e+04 2.057573092952082152e+04 6.535284133000016482e+03 1.682452531118772094e+04 1.595656086585815865e+04 1.177353546269757862e+04 5.798602564402815915e+03 9.927597926217105851e+03 4.310771294965525158e+01 -1.180872820604968183e+02 1.242993739515238758e+02 1.622591641292319764e+02 -2.322453494003607375e+02 1.955951126579661832e+02
9.052464520662209907e+03 1.096820516043994576e+04 1.074865967873382760e+04 3.029727998950043911e+03 -1.385663356625200606e+02 5.377288831994695101e+03 5.812926133487822881e+03 8.619788189293560208e+03 9.020581057461218734e+03 -4.183888217605544924e+01 2.057573092952082152e+04 3.024931601658407453e+04 9.076878547734090716e+02 1.113313451620643173e+04 9.128085404748046130e+03 5.814337216561518289e+03 9.984598129361982046e+02 4.464908260457643337e+03 -3.418218086616646474e+02 9.363709680017941537e+02 -9.856296098002826511e+02 -1.286630931555042025e+03 1.841585123881200843e+03 -1.550967900555309825e+03
-3.225155013777246040e+03 -2.654160597555302957e+03 -3.863156876031500815e+03 -8.112275454269460170e+03 -1.046938342205578556e+04 -5.530256751011454980e+03 -7.673637797263131688e+03 1.151004419484761456e+02 -4.493411967568493310e+03 -1.607572642710013315e+04 6.535284133000016482e+03 9.076878547734090716e+02 -1.941918880078597067e+04 -1.902475636147641808e+03 -4.691457554234173585e+03 -5.604425323932402534e+03 -1.433935450881595898e+04 -5.885081245112987745e+03 6.297079377249125400e+02 -1.724993047314656451e+03 1.815737880739421144e+03 2.370245844042427962e+03 -3.392588660007137605e+03 2.857210364605758059e+03
5.647670837675185794e+03 6.601883401767321629e+03 7.173787275989119735e+03 -6.487964113876222427e+01 -2.728283648547062967e+03 1.741713924210920140e+03 2.439600360179527343e+03 6.227191353249882013e+03 4.644335085557788261e+03 -4.221730382826877758e+03 1.682452531118772094e+04 1.113313451620643173e+04 -1.902475636147641808e+03 1.490528749510173111e+04 4.696155524158297339e+03 2.585220714570582004e+03 -3.110376588545821960e+03 1.817299154544907196e+03 -1.647690040801641658e+02 4.513606446308268119e+02 -4.751049020395090565e+02 -6.201971193083327307e+02 8.877026858878277835e+02 -7.476159554885423404e+02
2.899723959258321884e+03 7.939342590075980297e+02 8.775353182732509595e+03 -3.463001249714212463e+03 -4.764756900496662638e+03 -5.690086489243408323e+03 2.714958094035207978e+03 1.200825491212368888e+03 -1.480413130440075520e+03 -3.201966386306442473e+03 1.595656086585815865e+04 9.128085404748046130e+03 -4.691457554234173585e+03 4.696155524158297339e+03 -2.149275524296660478e+03 -1.034164639148820243e+03 -3.256592947556288436e+03 -5.475731322587697605e+02 -1.290208292904877453e+03 3.534337402402330554e+03 -3.720264497393057354e+03 -4.856395611867477783e+03 6.951073194026765123e+03 -5.854136925100525332e+03
1.148551962191168059e+03 9.610557328543144422e+02 2.242242779621197769e+03 -4.118528632366421334e+03 -6.170879156898962719e+03 -2.845318345782089182e+03 -2.159906662360843256e+03 3.189114326791743679e+03 -9.948357829742370768e+02 -9.934986424782637187e+03 1.177353546269757862e+04 5.814337216561518289e+03 -5.604425323932402534e+03 2.585220714570582004e+03 -1.034164639148820243e+03 -3.275776434008623255e+03 -8.673660071067577519e+03 -1.687242848758396121e+03 1.250503752860577151e+02 -3.425572506436743652e+02 3.605777981575978401e+02 4.706945946335507642e+02 -6.737162254635304635e+02 5.673983050785307114e+02
-5.515082648722347585e+03 -1.480801752643370037e+03 -5.039472021469899119e+03 -1.168717673953476333e+04 -1.588793896683402090e+04 -7.393522276131188846e+03 -9.777457927066714547e+03 -6.384003697743453813e+03 -3.313525246573151890e+03 -1.493520833251458316e+04 5.798602564402815915e+03 9.984598129361982046e+02 -1.433935450881595898e+04 -3.110376588545821960e+03 -3.256592947556288436e+03 -8.673660071067577519e+03 -2.719474748452620770e+04 -1.110988682409034664e+04 -1.810224622307551954e+02 4.958846035740273237e+02 -5.219710502324787740e+02 -6.813757408956003019e+02 9.752691253777215934e+02 -8.213636308829240988e+02
5.246127454090025140e+02 1.503489133015138577e+03 -8.683960968429587410e+02 -4.217176291201275490e+03 -6.747001361522964544e+03 -1.014646057505906128e+03 -4.431599466271324673e+03 4.365626921296919136e+03 -2.833152354630326499e+02 -1.305155811172623726e+04 9.927597926217105851e+03 4.464908260457643337e+03 -5.885081245112987745e+03 1.817299154544907196e+03 -5.475731322587697605e+02 -1.687242848758396121e+03 -1.110988682409034664e+04 -4.227519890108119398e+03 8.402375414051657572e+02 -2.301708197840617231e+03 2.422791690601077789e+03 3.162687783471872081e+03 -4.526829292916833765e+03 3.812458636833975106e+03
8.962142649877591793e+01 -1.235331659147828759e+03 5.617644462015452973e+02 2.805250365715762655e+02 9.408356389228641774e+02 -7.989057209780270341e+02 5.552531315761921178e+02 6.899297915361260038e+02 -1.290208293356411559e+03 -7.783431567242195115e+01 4.310771294965525158e+01 -3.418218086616646474e+02 6.297079377249125400e+02 -1.647690040801641658e+02 -1.290208292904877453e+03 1.250503752860577151e+02 -1.810224622307551954e+02 8.402375414051657572e+02 -8.046031512608197751e-13 -1.609206302521639550e-12 0.000000000000000000e+00 8.046031512608197751e-13 -3.218412605043279100e-12 2.413809446488794274e-12
-2.455048306613699651e+02 3.384010893626038069e+03 -1.538871790344755254e+03 -7.684574366769222706e+02 -2.577281991626852687e+03 2.188485704965096829e+03 -1.521034973823313521e+03 -1.889962021439709360e+03 3.534337404247963605e+03 2.132157476681286425e+02 -1.180872820604968183e+02 9.363709680017941537e+02 -1.724993047314656451e+03 4.513606446308268119e+02 3.534337402402330554e+03 -3.425572506436743652e+02 4.958846035740273237e+02 -2.301708197840617231e+03 -1.609206302521639550e-12 0.000000000000000000e+00 -1.609206302521639550e-12 0.000000000000000000e+00 0.000000000000000000e+00 0.000000000000000000e+00
2.584198052526377296e+02 -3.562029903127177931e+03 1.619825543712419858e+03 8.088828639904451165e+02 2.712862287472065418e+03 -2.303613008037187683e+03 1.601050416130800613e+03 1.989385222954415440e+03 -3.720264499238691315e+03 -2.244321609085545788e+02 1.242993739515238758e+02 -9.856296098002826511e+02 1.815737880739421144e+03 -4.751049020395090565e+02 -3.720264497393057354e+03 3.605777981575978401e+02 -5.219710502324787740e+02 2.422791690601077789e+03 0.000000000000000000e+00 -1.609206302521639550e-12 9.655237785955177096e-12 0.000000000000000000e+00 -6.436825210086558200e-12 3.218412605043279100e-12
3.373386081850419487e+02 -4.649837793620376033e+03 2.114503899137333065e+03 1.055907457394466292e+03 3.541342963928412246e+03 -3.007113111511545412e+03 2.089995002538800236e+03 2.596923312948764760e+03 -4.856395596715575266e+03 -2.929714152447941160e+02 1.622591641292319764e+02 -1.286630931555042025e+03 2.370245844042427962e+03 -6.201971193083327307e+02 -4.856395611867477783e+03 4.706945946335507642e+02 -6.813757408956003019e+02 3.162687783471872081e+03 8.046031512608197751e-13 0.000000000000000000e+00 0.000000000000000000e+00 0.000000000000000000e+00 0.000000000000000000e+00 0.000000000000000000e+00
-4.828407232600936823e+02 6.655422137952680714e+03 -3.026539063350165179e+03 -1.511345173115908437e+03 -5.068807419051512625e+03 4.304151646818640984e+03 -2.991458920901027795e+03 -3.717037301321194718e+03 6.951073153578785423e+03 4.193369076460694487e+02 -2.322453494003607375e+02 1.841585123881200843e+03 -3.392588660007137605e+03 8.877026858878277835e+02 6.951073194026765123e+03 -6.737162254635304635e+02 9.752691253777215934e+02 -4.526829292916833765e+03 -3.218412605043279100e-12 0.000000000000000000e+00 -6.436825210086558200e-12 0.000000000000000000e+00 1.287365042017311640e-11 -6.436825210086558200e-12
4.066444664503878812e+02 -5.605142041607368810e+03 2.548926467505241817e+03 1.272842544759633483e+03 4.268908112302660811e+03 -3.624921335406006165e+03 2.519382267610662893e+03 3.130458480527461234e+03 -5.854136917283040930e+03 -3.531621592801961924e+02 1.955951126579661832e+02 -1.550967900555309825e+03 2.857210364605758059e+03 -7.476159554885423404e+02 -5.854136925100525332e+03 5.673983050785307114e+02 -8.213636308829240988e+02 3.812458636833975106e+03 2.413809446488794274e-12 0.000000000000000000e+00 3.218412605043279100e-12 0.000000000000000000e+00 -6.436825210086558200e-12 0.000000000000000000e+00
