-4.356617165163715929e+07 2.974110832917325199e+07 7.193463628745134920e+06 -1.061358598013259005e+06 -4.241841252796249092e+07 5.715328877427750267e+05 -2.256346408085342124e+07 -2.019354199547780678e+07 -8.312210221548310481e+06 1.375144140516168810e+07 -1.158496279360000789e+07 -4.269556542547978461e+04 5.102073568458491936e+06 -7.853733854439673945e+06 -1.001715161004604772e+07 9.759516933142164722e+06 -1.109094242396959662e+07 -3.879199083680179436e+06 -3.086012948816667311e+06 -2.651151903738364577e+06 -1.402150546755310148e+07 -5.053365600370582193e+06 3.066574887984345201e+06 -4.292976446377046406e+06 -7.267036078605571762e+06 -9.712437647210257128e+06 -9.585859122793272138e+06 1.011111902556512505e+06 -1.911616901057815645e+06 -8.306836578187167645e+06 2.067794976135737263e+06 1.842419224284568429e+07 -1.096611754447091371e+05 -3.379568425385025144e+07 -3.622165088882091222e+05 -2.308054913338012993e+06 2.417053811465384811e+07 -4.016220362514837179e+06 2.255088314696147293e+07 -4.052876693367934972e+07 -9.802979961065139621e+06 2.271811795229474455e+07 -4.970669312003581226e+07 4.452141336848992854e+06 4.449938003838485456e+05 5.454995152152898721e+06 -1.354049173992582830e+06 -2.149831940498017520e+07 -7.587549849620373920e+06 -7.055413288435018621e+06 -2.956655553163228184e+07 2.503903513859649003e+07 2.457896316046330146e+06 2.497436090256556123e+07 1.533318814005981758e+07 3.239332015363549581e+05 1.796934353627108037e+07 -1.733973056194177270e+07 5.568132054418898188e+06 1.610521467091883905e+07 1.907713704915518407e+06 -4.767560835026190616e+05 -6.802483072937253118e+07 1.927909395974260569e+07
2.974110832917325199e+07 5.720787000980894268e+07 -8.397958418017904460e+07 1.574883527158058248e+06 -4.765070722310587764e+07 7.626935326693236828e+07 4.199658266733194143e+07 -1.913773266819890216e+07 -3.947643888076596893e+06 1.446990702578350157e+07 -1.894781262560594827e+07 -3.878124254855236039e+06 -3.923092222246312536e+06 -1.095412516133259982e+07 2.401344916263864189e+07 5.180757970707847923e+07 3.474411170882008970e+07 -6.349252766312818229e+07 -6.277764832695319317e+06 -2.645849387807517312e+06 -3.793123322781302035e+07 -2.392456496849946305e+07 -2.204883662846161053e+07 -6.075512324430136941e+05 -7.374910599594595842e+06 -2.522223876842960715e+06 -7.191513555074635893e+06 -1.691334129419251345e+06 -3.133730499332123250e+07 -1.788778908150974661e+07 6.636518679956586659e+07 -2.337564318998470157e+07 1.378668446705532726e+06 -1.525934183812221326e+07 -2.007902223517636769e+06 -1.837797659448679187e+05 3.048264264948228747e+07 -3.831874480711943656e+07 4.666737444200084358e+07 1.196173709534098953e+07 1.920724454259928316e+07 -2.178261412084057182e+07 -5.590743612059569359e+07 2.527750045860942453e+07 -6.018976100016371347e+06 3.357845700230232626e+07 -1.319195434186939150e+07 4.768973126193190366e+07 1.460469184348031506e+07 -4.652236862316132337e+07 1.853712076941113919e+07 -5.496493815873315185e+07 1.339729563986150175e+07 4.258365062040519714e+07 -1.671151791244906373e+07 3.487727188087310060e+05 -1.378487409832376987e+07 -7.257636261790889502e+07 9.793903988429140300e+06 -4.271994346659865230e+06 -1.547612697015036643e+07 5.792349927892941982e+06 9.110817786784559488e+06 -2.606197757450120524e+07
7.193463628745134920e+06 -8.397958418017904460e+07 5.250089300271184742e+07 2.496329882862818986e+07 3.648538976910036802e+07 4.006750151742456853e+07 8.421492660356253386e+06 1.873555906901330501e+07 7.718296530963843688e+06 -4.443905723401336372e+07 5.582807437416439876e+06 7.484383773189133406e+07 5.567373578761496395e+07 -2.374650608010960370e+07 -6.752663622271057963e+07 -1.665377832620880101e+06 -5.511889009034102783e+06 1.065733996988486201e+08 -4.551166490354886279e+06 -3.588614700069268234e+06 8.692750390706340969e+07 -1.896742506226483360e+07 -1.947391713486077264e+06 -4.998312716612571850e+06 -8.956064079311287031e+06 -6.898854021532687359e+06 3.383200821675547864e+06 -1.263146610034675002e+08 -1.986820943682961911e+07 -1.318219741001614742e+07 -5.420031000507619977e+07 1.105791267454896867e+07 -3.871668980910111684e+06 2.413349018836300820e+07 -2.358559293632811401e+06 -2.212128319602879230e+06 -6.511554101624482125e+07 -2.356355156571817771e+07 8.939254779181549326e+06 -6.393092987622159719e+07 1.015064055824812502e+06 -9.809367855693697929e+07 -2.457601767778238654e+07 -2.349928807538555562e+07 2.843245784268516582e+06 1.112795182866130397e+07 3.807889070569803566e+07 4.775148493530649692e+06 8.071019589596118778e+06 -4.975776062252707779e+07 -5.014905921325885504e+07 -6.468404968638654053e+07 -1.278076709425109252e+07 1.126536650169656724e+08 -2.273295662710930035e+07 5.448374543756949715e+05 4.466318706265236251e+06 -7.664013509104424715e+07 1.917474691084270924e+07 -3.108388948972004652e+07 2.681864720982896164e+06 4.049892426129013766e+06 -1.780675475529386103e+08 -4.055914590684731305e+07
-1.061358598013259005e+06 1.574883527158058248e+06 2.496329882862818986e+07 -4.987095513758463785e+06 1.898718044690736756e+07 2.109915322702772915e+07 -6.608697935350973159e+06 6.443855295415658504e+06 -1.486726378630016465e+06 9.001759196361713111e+06 -3.100270270602299832e+06 1.005697410884011909e+07 -9.874728926992902532e+06 1.179508355447174609e+07 -5.519917656190726906e+06 3.323993213599633798e+07 -2.369297834053641185e+06 1.837364810157910734e+07 -4.529389572102909908e+06 7.803808880871914327e+06 1.053422492277563550e+07 -2.838741931442308705e+06 9.471859585654097609e+05 6.545605621016165242e+06 -6.403128205077769235e+05 3.139036182586128823e+06 2.979227508494046051e+06 -2.066842904341930151e+07 -1.380130821350419894e+07 -6.815713054069844075e+05 -1.127095125633110851e+07 4.560677241164315492e+06 -7.042042754835885949e+06 5.315072870985385031e+06 6.173126157424169360e+05 3.591985699701415724e+05 7.883084951763618737e+06 2.180295630935391411e+06 1.047273836638085172e+07 -4.531951759264083579e+06 -9.306232693265041336e+06 3.307581590163019300e+07 -5.089575218317965046e+05 -6.767699013653378002e+06 2.575384491930401418e+05 -1.952428884659105213e+06 1.546156070039769262e+07 4.211967713064519688e+06 -7.146191361707430333e+06 -5.136263398846250772e+07 1.978319442585044354e+07 -2.257541204057426006e+07 -1.211213548748623114e+06 -2.248263259279341251e+07 -5.027432127500418574e+03 7.994523564180942776e+04 -1.003861556478644162e+07 -1.389206492169633135e+07 3.279485923590241931e+06 -4.136398241182956845e+06 1.367963758084009402e+07 -1.796352626501477789e+06 -2.630215703420881182e+07 1.878529716884749383e+07
-4.241841252796249092e+07 -4.765070722310587764e+07 3.648538976910036802e+07 1.898718044690736756e+07 1.200991643168232404e+07 5.641676730145559460e+07 5.090022181925902143e+06 9.405263456344373990e+05 -5.860005319845113903e+06 -1.016156145626940764e+07 -4.089197336819566786e+06 5.096233532630789094e+06 -6.552725487580150366e+06 -4.643104308943139389e+06 -2.606670737229835987e+07 -2.034778099025573581e+07 -4.209280532144196332e+07 2.978147191190310940e+07 -2.310132087330259383e+07 -3.242237381983390078e+05 3.262188960947577283e+07 -8.276159471602210402e+07 3.440479743173832539e+06 -5.634121206337438896e+06 -1.175496371736872010e+07 -3.029790632837790996e+06 -7.646888697367979214e+06 -3.615483154171360284e+07 -3.914431678161967546e+06 -4.245288105780858546e+06 1.799456955328765139e+07 -3.285885460003647953e+07 -2.452797740953133628e+07 4.300786381954209879e+06 -3.027706651686146390e+06 -2.575411542143662460e+06 -8.911366126453034580e+06 -1.279822204397615045e+07 -3.223916216563303955e+06 1.063117971139675751e+07 8.586608708146955818e+06 -3.058583307284206152e+07 -2.302871494802748412e+07 -1.195841227691017836e+07 3.200810839117344934e+06 1.568362343564288691e+07 3.177207390163165703e+07 -3.365401376204597764e+05 3.993877149115447700e+07 -1.760934582331957296e+07 -8.894548804829226434e+07 1.524182329864520952e+07 7.946230734348781407e+06 1.682365352174741030e+07 2.100899957804798614e+06 5.632903935041198274e+05 3.988554470631399751e+07 -4.682369781660504639e+07 2.617415812657052884e+05 -2.500261065655272454e+06 -4.943887742268279940e+07 3.141499819576198701e+06 -1.882630496030679718e+07 -1.598515455480206907e+08
5.715328877427750267e+05 7.626935326693236828e+07 4.006750151742456853e+07 2.109915322702772915e+07 5.641676730145559460e+07 7.470713836774443090e+07 2.559101705965201557e+07 4.786038890691224486e+07 5.291416363841747865e+06 2.356724621938534454e+07 2.149671079654045776e+07 6.651815330628442764e+07 6.188504556830684096e+07 -1.217217360758863948e+07 3.083858060080876201e+07 -5.847291301762051880e+06 -6.280279579322879761e+07 5.565140755198650062e+07 3.696566167548671365e+07 3.418013266933959723e+07 1.506632852800389528e+08 6.841716449152663350e+07 -1.703172650756610930e+07 1.653004745891390555e+07 1.448123088504595682e+07 2.050441554665514827e+07 2.284500705687747896e+07 3.979264491162738204e+07 -1.560238884747563303e+07 -1.557215862433342636e+07 -1.473097580135841854e+06 -5.730494883757568151e+07 3.388986657369489223e+07 1.265848018080977052e+08 4.901265746088230051e+06 4.718828731616882607e+06 1.512198910394367576e+07 -2.126272689381464571e+07 -1.437627767688725144e+07 3.657299640717412531e+07 -5.780615365228763781e+06 7.094609869640961289e+07 1.983374021626568213e+07 -7.363019816757563502e+06 -6.926999939094313420e+06 5.559090822785578668e+07 4.174609215406747162e+07 -7.335447938471559435e+06 3.388882931168565899e+07 2.321727377397999167e+06 -9.671435007024042308e+07 2.888197747105270624e+07 -1.727583331238283962e+07 2.043099923770145699e+07 2.217369766420582309e+07 8.056805756809932645e+05 9.385753172536019236e+06 -6.502335650627680123e+07 1.043021056345448457e+07 2.420558273047003895e+07 1.564014348755375668e+07 9.228403292754694819e+06 -6.148001285064520687e+07 5.302046106565330923e+07
-2.256346408085342124e+07 4.199658266733194143e+07 8.421492660356253386e+06 -6.608697935350973159e+06 5.090022181925902143e+06 2.559101705965201557e+07 1.020089178661946580e+07 -2.264624931565723382e+05 2.530129907721605618e+06 2.339678315039159358e+07 -2.914406906850809231e+06 1.535115208608938009e+07 -5.218772794382509775e+06 9.839241771001011133e+06 2.869188325550809503e+06 1.823818838281252235e+07 -3.995966983576171100e+07 5.171791189924760722e+06 8.028411396772604436e+06 1.346276433583155274e+07 -3.816506330164703541e+06 2.481273047890174389e+07 -3.074272780505759642e+06 3.682227595545437187e+06 -2.921430357427673414e+06 -3.434890217006364837e+06 -1.966205473035660107e+06 -8.006208207975865342e+06 1.207025759052785672e+07 4.472400662995245308e+06 1.736441343910703808e+07 1.882116877173370868e+07 -3.567668818412405904e+06 -4.042907811731028557e+07 -2.058433456824769732e+06 -4.140238632147338649e+02 1.021133452347523719e+07 4.926586713470116258e+06 1.778420300947386026e+07 2.492161996114031225e+07 -1.704081708611498028e+07 -3.437444527713574003e+06 3.154549210312376544e+07 1.741156821672688052e+07 -1.204929830632058904e+06 4.578958063796357252e+06 -1.646133615517986007e+07 9.325548645323786885e+06 -8.248655478950539604e+06 1.561046115319748223e+07 4.601948112011967599e+07 -2.527081331239293516e+07 -1.536051322786212340e+07 -1.238688970720294397e+06 5.557487913220287301e+06 -3.852030840314048110e+05 1.463800880369998887e+07 3.687929256619055569e+07 -9.694057363171670586e+06 1.379620148255872913e+07 -1.415953884126222879e+07 9.377135439404370263e+05 6.107547095816049725e+07 4.716285240070731938e+07
-2.019354199547780678e+07 -1.913773266819890216e+07 1.873555906901330501e+07 6.443855295415658504e+06 9.405263456344373990e+05 4.786038890691224486e+07 -2.264624931565723382e+05 -1.409849001761469990e+05 -2.990084570990305394e+06 -1.830823478557057679e+07 -1.808681141639575362e+06 -2.870759430621396750e+05 -1.088525129228011891e+07 1.347175126608724892e+07 1.199436196023541503e+07 -8.091466152060329914e+06 1.217198188240731880e+07 5.267450274159060791e+06 3.499490736587688327e+06 1.030410259120948613e+07 -1.350816426790916175e+07 -5.914350835053318180e+06 -1.143303895788919367e+07 9.355587261791508645e+06 4.794345977903925814e+05 1.406440632091516163e+06 2.351804905867442954e+06 -1.467781617279884033e+07 -2.069495788228706922e+06 3.593477403675564099e+06 -1.896314346028427128e+06 -8.385179505555111915e+06 1.308823343685960397e+06 -2.782468581488345936e+07 -5.625419891705785412e+05 -1.214979083394473186e+06 -2.575618295420245733e+06 6.285349948653970845e+06 5.821540108827834949e+06 3.221613845555719361e+07 -3.983002234164943453e+06 2.958800484089415893e+07 2.930471836900087446e+07 4.156100588100797031e+05 -3.338829307303479873e+05 3.250205731156866532e+06 1.881093008464575280e+06 1.638911443548582494e+06 5.209070724315742031e+06 1.704893062009553239e+07 1.388347077589023486e+07 1.665689836624600925e+07 4.766808004182735458e+06 -1.998574123003423959e+07 2.409116786007855088e+07 -7.787994026313617360e+04 3.221369980241676420e+07 -1.174250578447849303e+07 -3.415047387614438776e+06 -3.853388782652325183e+07 -6.997177557444521226e+05 -1.181494719750274904e+06 1.644926805900846720e+08 -9.223883543698340654e+07
-8.312210221548310481e+06 -3.947643888076596893e+06 7.718296530963843688e+06 -1.486726378630016465e+06 -5.860005319845113903e+06 5.291416363841747865e+06 2.530129907721605618e+06 -2.990084570990305394e+06 -4.199751326006176881e+06 -1.053880254094853252e+07 -6.121170809105275199e+06 -7.094905439599870704e+06 -2.501511233179675788e+07 1.104750916481629759e+07 -2.082535455796845257e+06 2.232431553976039402e+06 -4.356520625628071837e+06 -9.566643257614370435e+06 5.509061746546793729e+05 9.126487722937908024e+06 -4.545454262573713437e+06 -1.698421789485566318e+07 -3.698686368981771171e+06 -4.959193166780278087e+06 -2.940025389791816473e+06 -2.712419563555842265e+06 1.043176696511060465e+06 -6.295049011102771387e+06 5.940471516776188277e+06 4.364234818988069892e+05 -1.052360343568724766e+07 -2.351302897524900734e+06 -6.255690998128073290e+06 -5.490262431552372873e+06 -2.253785820487540041e+05 -7.009985517941161525e+05 9.492566906538913026e+06 1.212082591992290691e+06 3.710618344733353239e+06 1.202491146202466451e+07 -2.662712433515377808e+06 1.408014153577935137e+07 -2.073821366109862179e+07 2.996742974768509623e+06 -6.009061609152755700e+05 6.255781876057990594e+05 -1.162883635781818070e+06 4.389814721951480024e+06 3.397170615297128679e+05 5.019135367268306203e+06 8.347371748201522976e+06 5.531003678779467940e+06 -2.233722775688163470e+06 -2.573513835896155983e+07 4.660534540753976442e+06 1.846558473768338445e+05 9.366062177446916699e+06 1.675790443581314757e+07 -1.240481942830597516e+06 -6.763750503495895304e+06 3.160389261724036653e+06 -1.943242615685250203e+05 -2.221500665201865137e+07 -2.648621318955416977e+07
1.375144140516168810e+07 1.446990702578350157e+07 -4.443905723401336372e+07 9.001759196361713111e+06 -1.016156145626940764e+07 2.356724621938534454e+07 2.339678315039159358e+07 -1.830823478557057679e+07 -1.053880254094853252e+07 6.368684472750281543e+07 -2.100194186451880634e+07 4.351819584397954866e+06 -2.794980776628770679e+07 -2.146011036934905685e+06 -5.193472582135860808e+06 7.840311629720465280e+06 3.243147822940740734e+06 2.287579193300027400e+06 -1.385169545842293650e+07 7.263952125754106790e+06 -2.431932502817306668e+06 -1.156967701295647025e+07 -2.910278875443699583e+07 2.012776978982506553e+05 -1.008395226223285124e+07 -8.950893454565208405e+06 -1.008075020413668454e+07 1.040131541112752073e+07 -4.692509379109983332e+06 -3.064013295696767047e+07 -7.259104627035124227e+06 -1.915751860615671426e+07 -5.301488963081030175e+06 3.663746730527605861e+07 -3.932913521320076194e+06 -1.856300085951840971e+06 -1.348046603414779902e+07 4.721978848925497383e+06 2.430583133965365589e+07 -2.336653109287779778e+07 7.459834935115626082e+06 -1.109475231277554929e+08 -8.306967349062822759e+07 2.004702797991359234e+07 3.637064240399742965e+06 2.895909814527004026e+06 -1.035340810525998101e+07 -9.033835706924358383e+06 5.869066203345561400e+06 -7.578281905117417872e+07 -3.343464992931272462e+07 -7.797140419534777105e+07 3.428427872579671443e+06 3.328155143861663342e+07 5.541212672870056704e+06 -1.624179505649302882e+04 -5.619324790734625421e+05 -2.252232409261409193e+07 -2.317477964907964226e+06 1.687061490322955325e+07 -2.188070476663648617e+06 6.129309039405994117e+06 -6.730457782415479422e+07 2.020527218144702911e+07
-1.158496279360000789e+07 -1.894781262560594827e+07 5.582807437416439876e+06 -3.100270270602299832e+06 -4.089197336819566786e+06 2.149671079654045776e+07 -2.914406906850809231e+06 -1.808681141639575362e+06 -6.121170809105275199e+06 -2.100194186451880634e+07 -1.845249991472134739e+07 3.026695935385995544e+05 -1.108128131594773009e+07 4.171628977503925562e+06 -2.632314816129880026e+06 -2.008857398075535893e+06 3.918895932799868286e+06 -4.599314570558446459e+06 -5.010711932061249390e+05 4.492329611997709610e+06 -6.952150244661143050e+06 -8.153869197933329269e+05 -9.218650593196725473e+06 -5.242019561402961612e+06 -5.011648247409028001e+06 -3.651644656268402003e+06 -1.764736885121874511e+06 -3.576407263888562098e+06 -1.439521923909300566e+07 -6.044519277709793299e+06 -1.190352484111823328e+07 1.964449472184615210e+06 -9.513630183683424257e+05 -6.442331076015506871e+06 -5.707574814190373581e+04 8.328931168655467627e+04 -3.115338201823763084e+06 -1.042696920056947391e+06 3.035855182090136223e+06 -2.789477175859955605e+05 -1.978587082284910139e+05 5.369966535100091249e+06 1.197656585190789029e+07 9.088019145396859385e+05 7.889492575435209437e+04 4.458587554911919869e+05 2.062739020474195946e+06 -1.141620810543924384e+07 -3.424444471528879832e+06 -1.438135736454579979e+07 9.114420511171785183e+05 1.112443010918344371e+05 3.867764461802321021e+05 5.177939111328287050e+06 -2.239830471378351562e+06 -9.730621611652083811e+04 -2.540640168561763130e+05 -3.824320423136964440e+06 -1.397825260693599004e+06 2.501877708161467221e+06 -8.362941238841059385e+05 -3.309803945718830801e+04 -5.405440570558533072e+05 -1.865495952514150180e+06
-4.269556542547978461e+04 -3.878124254855236039e+06 7.484383773189133406e+07 1.005697410884011909e+07 5.096233532630789094e+06 6.651815330628442764e+07 1.535115208608938009e+07 -2.870759430621396750e+05 -7.094905439599870704e+06 4.351819584397954866e+06 3.026695935385995544e+05 -9.412018761930175126e+07 -6.692328446569021791e+07 1.666799981779485755e+07 4.500542899463002384e+07 7.847639721117444336e+06 -7.947470305411736667e+07 -1.789548060440840200e+07 -5.986607352396463044e+06 6.651684820555320010e+06 -2.936376124335440248e+07 8.694131600873544812e+05 -3.295027169349939376e+07 1.155994986691481620e+07 1.994907707406911068e+05 -1.290659695589472540e+05 1.053948607138275634e+06 1.226258197131540440e+07 2.221856278308393061e+07 2.168788439253598824e+07 3.414852371492014825e+07 -2.919110359918154776e+06 8.281261183701788075e+06 -7.579996352894850075e+07 -1.422238283188093337e+05 -2.332666609791527502e+06 2.910772802411460876e+07 1.628586416953860968e+07 5.114389113035966642e+06 3.573391438877049088e+07 3.856334553514690138e+06 6.290058332648114860e+07 9.075543251522609591e+07 -4.121672885520611890e+06 -2.351521191735269036e+06 -1.133701280666561611e+07 -2.222281716762677953e+07 -3.904007361566059291e+07 -3.384436453355762642e+05 7.667372318992120028e+07 5.390336786442255229e+07 7.768775105330376327e+07 -1.103051972575353831e+07 -5.593598894780787826e+07 4.417636127891732752e+07 7.162350397464846028e+05 9.414896182310885191e+07 3.961468342763888836e+07 -2.734711944491378963e+07 -1.241823061610928923e+08 -5.788484481263759732e+07 -1.303408670151746192e+05 4.951950242277738452e+08 -2.629122148447181582e+08
5.102073568458491936e+06 -3.923092222246312536e+06 5.567373578761496395e+07 -9.874728926992902532e+06 -6.552725487580150366e+06 6.188504556830684096e+07 -5.218772794382509775e+06 -1.088525129228011891e+07 -2.501511233179675788e+07 -2.794980776628770679e+07 -1.108128131594773009e+07 -6.692328446569021791e+07 1.238679905302504636e+07 9.135858574463371187e+06 4.538713683923928440e+07 -5.475990518560863286e+07 -7.613027958821856976e+07 -5.787821311611032486e+07 -1.854024958990876749e+07 -1.205520690317874029e+07 -1.468088324036716670e+07 3.509486188608674705e+07 3.963531948279701173e+05 1.171024220016233623e+07 -4.982689343671520241e+06 -4.815176340783839114e+06 -3.259319820241255686e+06 -5.616827559909788519e+07 2.928330660425236821e+07 1.064173454578645341e+07 9.396919010363598354e+05 3.812488129395219684e+07 1.982512087772935629e+07 -2.334409277166206017e+07 2.397971500370793045e+06 4.375257434395693243e+06 -3.929522347240154445e+07 4.289448308458337933e+07 8.539692016566598788e+06 1.371389232567186952e+08 -6.327403147808281332e+07 1.456305074699385166e+08 -5.508704770227730274e+06 4.669833324027919024e+07 5.308845575815610355e+05 6.975519472827259451e+06 -2.726125444324488565e+07 -6.953422910603220761e+07 -6.540893912220934778e+07 6.055284890851685405e+07 8.062630456172123551e+07 2.006527998312504888e+08 -3.711633189341782033e+07 -1.755932763505490720e+08 5.256878321535355598e+07 -1.098457099440444581e+05 4.560871643693932891e+07 1.570884010458420515e+08 -1.716828894155324623e+07 -4.361479865364775062e+07 -1.702956671525413543e+07 -9.539988575840757694e+05 1.541154425846940875e+08 -7.235402288312312961e+07
-7.853733854439673945e+06 -1.095412516133259982e+07 -2.374650608010960370e+07 1.179508355447174609e+07 -4.643104308943139389e+06 -1.217217360758863948e+07 9.839241771001011133e+06 1.347175126608724892e+07 1.104750916481629759e+07 -2.146011036934905685e+06 4.171628977503925562e+06 1.666799981779485755e+07 9.135858574463371187e+06 5.870915228565863520e+07 -9.661963465084167197e+06 -1.311938024651061743e+07 6.258532076126969606e+07 -6.334618816519480199e+06 -2.423974062274979427e+06 1.640614307173860632e+07 1.049015808319993503e+07 -1.907951993295737356e+07 7.071982880733067170e+06 6.436110572020437568e+06 8.394697472549021244e+06 4.614492325547041371e+06 5.571294365375055000e+06 1.612984253721322306e+07 -1.109472748935831152e+07 1.218357743234141357e+07 -8.837439570212461054e+06 4.635541295064941980e+06 1.212600400176459737e+07 1.426620300560660288e+07 -1.741193582781853038e+05 -1.038161700440623448e+06 -9.745390098561899737e+06 7.886338521689819172e+06 2.287931290463336557e+07 -1.307962146356657334e+07 -1.183357662194859423e+07 -8.918077360471838713e+07 -8.813116584556733072e+07 2.206533918946205825e+07 -6.892341451451762114e+05 4.032059456217261031e+06 -4.069566265232093167e+06 2.090883042052329332e+07 1.501050292622202542e+06 -5.694343225171369314e+07 -2.776906030329440162e+07 -8.628861278608617187e+07 -8.418946946702960879e+06 7.368195297452652454e+07 -7.780059903972296044e+06 -2.791554255282906815e+05 -1.859579636534806713e+07 2.196942867632682621e+07 7.389404379080568440e+06 3.962681254121102393e+07 1.537527205802972615e+07 8.524642412171615288e+05 -3.677382008987533860e+06 5.131831249511010200e+07
-1.001715161004604772e+07 2.401344916263864189e+07 -6.752663622271057963e+07 -5.519917656190726906e+06 -2.606670737229835987e+07 3.083858060080876201e+07 2.869188325550809503e+06 1.199436196023541503e+07 -2.082535455796845257e+06 -5.193472582135860808e+06 -2.632314816129880026e+06 4.500542899463002384e+07 4.538713683923928440e+07 -9.661963465084167197e+06 -1.085542734788258374e+08 -8.598590452704580501e+06 4.303174931307131052e+07 3.615752120241875947e+07 -1.556145722906929906e+06 6.803104482367733493e+06 3.228411258106825873e+07 -7.242430764546288550e+07 -8.159246160645138472e+06 -3.049117128886855207e+06 4.400563365674040280e+06 2.304457991235298105e+05 5.417760187793220393e+06 -7.509348697209365200e+05 -1.399368157153407484e+07 -6.379777729778006673e+06 1.004131207702149078e+07 -2.103740727163948119e+07 -2.037981768975947052e+05 7.912534852924892306e+07 -3.008826556789155584e+05 -8.903591069525976200e+05 2.082131958460112661e+07 -2.950947289970899001e+07 -8.637972290784255601e+05 -3.971085710762444884e+07 2.057413197627341747e+07 -9.271288775400094688e+07 -3.147266185683831573e+07 -1.077357591210585088e+07 -2.713557300263964571e+06 -1.431103888671596907e+07 -1.306915111948113656e+06 1.690644414975504950e+07 2.375021248395983875e+07 -4.863869810862141103e+07 -5.081784140727929771e+07 -8.317172885724896193e+07 1.871698149022762477e+07 1.087442950283549279e+08 -4.513626230113441497e+07 -1.164031251714530808e+05 -7.974157738920260966e+07 -6.438385855308292806e+07 2.233799372621247545e+07 6.255463356162282825e+07 -6.104741911254328676e+06 2.192013542029656004e+06 -2.174210680557429194e+08 6.474098257464541495e+07
9.759516933142164722e+06 5.180757970707847923e+07 -1.665377832620880101e+06 3.323993213599633798e+07 -2.034778099025573581e+07 -5.847291301762051880e+06 1.823818838281252235e+07 -8.091466152060329914e+06 2.232431553976039402e+06 7.840311629720465280e+06 -2.008857398075535893e+06 7.847639721117444336e+06 -5.475990518560863286e+07 -1.311938024651061743e+07 -8.598590452704580501e+06 -2.504769958236236870e+07 -7.907759467796008289e+07 -2.233890677516366169e+07 6.189040548099170439e+06 1.013252252894883044e+07 -4.055036269874215126e+07 1.166985865577908233e+07 2.752728563207001891e+06 1.286351548657020554e+07 -1.188418936412052251e+07 -3.082371439368564636e+06 6.425628201720207930e+06 -4.134890774057812244e+07 -1.522485432110328227e+07 -1.603295696047415026e+06 1.206194635302714817e+07 1.315239954429724626e+07 1.558201109478155151e+07 7.079141400619292259e+07 -3.710383780487526674e+06 -1.630658239268790465e+06 -1.299298677215748839e+07 -1.018260295388941467e+07 -1.750533113331457600e+06 2.975406834004519135e+07 1.255798042728984356e+07 -3.462103064235551655e+07 -9.354276316479757428e+06 2.309880085838616639e+07 -1.767897398656785255e+06 1.384629019046886638e+07 -1.218565826744506881e+07 3.725645182985226274e+05 -2.698576599671726581e+05 -1.794179720313680544e+07 -1.019269406701919064e+07 7.317355996239918284e+06 1.110125062061446905e+07 -1.169425224818080664e+07 -4.042231512997739762e+07 -3.226328927381254034e+05 -5.360027717601479590e+07 -1.445690806360023329e+06 1.173063448417135701e+07 -3.195187568607744575e+07 2.128707732024893910e+07 5.220121572789913975e+06 -1.667461549262420833e+08 5.463766547101549804e+07
-1.109094242396959662e+07 3.474411170882008970e+07 -5.511889009034102783e+06 -2.369297834053641185e+06 -4.209280532144196332e+07 -6.280279579322879761e+07 -3.995966983576171100e+07 1.217198188240731880e+07 -4.356520625628071837e+06 3.243147822940740734e+06 3.918895932799868286e+06 -7.947470305411736667e+07 -7.613027958821856976e+07 6.258532076126969606e+07 4.303174931307131052e+07 -7.907759467796008289e+07 1.862162955725030899e+08 -7.187600662787917256e+07 8.306483066839715466e+06 -2.372808005057764426e+07 1.909615468902113289e+07 5.466016674307294190e+07 6.285861589127250947e+06 -1.630360154390946217e+07 3.682867428345555905e+06 3.070422952216899954e+06 6.977471610924711451e+06 6.272134685217842460e+07 3.889551017486625910e+07 3.103659973468050361e+07 1.084584585603692234e+08 -4.338747110743633658e+07 3.726855408347235620e+07 1.587830801657292247e+07 2.261152819718083367e+06 6.016625266958986176e+05 4.190522081949492544e+07 3.921140924873525649e+07 4.114642190523770452e+07 1.268474521556210369e+08 -2.979754617168691009e+07 4.530918715916360915e+07 4.493650502257341146e+07 2.050461841593236849e+07 -8.257677889856521972e+06 -2.024001812849306688e+07 -3.931407646658618003e+07 -2.241792901743219793e+07 -2.060194589404224604e+07 3.130931296310112998e+07 1.031103739265172482e+08 -3.131680667008958012e+07 -9.063280648586340249e+06 -1.156361359297811612e+07 1.726448089143653959e+07 5.646394142814518418e+05 5.041308780142270029e+07 5.485552102220498025e+07 -1.782651547954073548e+07 1.184788564341163039e+08 9.356577978996582329e+07 -8.043505468091551214e+06 1.122685233500073850e+08 2.835808342313153148e+08
-3.879199083680179436e+06 -6.349252766312818229e+07 1.065733996988486201e+08 1.837364810157910734e+07 2.978147191190310940e+07 5.565140755198650062e+07 5.171791189924760722e+06 5.267450274159060791e+06 -9.566643257614370435e+06 2.287579193300027400e+06 -4.599314570558446459e+06 -1.789548060440840200e+07 -5.787821311611032486e+07 -6.334618816519480199e+06 3.615752120241875947e+07 -2.233890677516366169e+07 -7.187600662787917256e+07 -1.035045257298316360e+08 -4.627713688938857988e+06 -2.158854251990567520e+07 -3.867024739451190084e+07 3.659210664278864115e+07 2.090168302261224389e+07 -8.099399595784783363e+06 -7.327402151390036568e+06 -2.812823906511757523e+06 -4.632228742786291987e+06 -1.271957689321227558e+07 4.031709421735029668e+07 -1.565867331246727146e+07 -9.549614226013967767e+06 5.176385917775212228e+07 -5.259841525596959516e+06 -8.532256830932146311e+07 -6.282763159279370680e+06 2.289551891628138721e+06 -8.253052485881253146e+06 3.719848774543959647e+07 -2.365107168867745996e+07 1.280917986850757897e+08 -2.927131394626669958e+07 1.338042923809456527e+08 6.828169994852116704e+07 -5.645994933407548815e+06 6.331145809797342867e+06 2.875199156473009847e+06 -2.855370067372239754e+07 -9.820359646737997234e+07 -3.894779098835813999e+07 9.158327610876764357e+07 7.163457077095413208e+07 1.745766346272423863e+08 -3.388891980990900844e+07 -1.614426010778786540e+08 2.905560032409444451e+07 -7.326586963381420355e+05 3.851872575007212907e+07 1.385203025029770732e+08 -5.286948935057474673e+07 -1.076855540438847095e+08 -1.429696576122586429e+07 -8.544026649864378851e+05 1.321069266679467410e+08 -5.846945685730124265e+07
-3.086012948816667311e+06 -6.277764832695319317e+06 -4.551166490354886279e+06 -4.529389572102909908e+06 -2.310132087330259383e+07 3.696566167548671365e+07 8.028411396772604436e+06 3.499490736587688327e+06 5.509061746546793729e+05 -1.385169545842293650e+07 -5.010711932061249390e+05 -5.986607352396463044e+06 -1.854024958990876749e+07 -2.423974062274979427e+06 -1.556145722906929906e+06 6.189040548099170439e+06 8.306483066839715466e+06 -4.627713688938857988e+06 1.544857582489713468e+07 1.697554887783806771e+07 2.626490917417879216e+06 8.319752333840806037e+06 -9.739658904834635556e+06 6.349705045147242025e+06 1.280715215577856638e+06 -1.981933270082576200e+05 3.902173059312945697e+06 1.128253039131383970e+07 4.976136650614527054e+06 4.882460089594848454e+06 -3.447856963837610558e+06 6.192133037852196023e+06 8.349117180445101112e+06 -1.367042011514899693e+07 -1.256878353673952399e+06 -1.765518730139968684e+05 7.050418343041186221e+06 -5.217029684888757765e+05 -1.867836823098627850e+06 1.349883512888637930e+07 4.186464222666981630e+06 -1.558760386576138064e+07 -2.033946949695953354e+07 1.125659166548311943e+06 8.792230842505900655e+05 -1.895738411082431907e+06 -3.530257724500070326e+05 5.968430695337437093e+06 1.840179978423195425e+06 -1.619787494956997596e+07 2.332635499125818908e+07 -1.473824365571118146e+07 2.508046386399710551e+06 -3.558347120471298695e+05 1.131479145927959681e+07 -1.419718321188318077e+05 1.755747289962859824e+06 2.272520796453187242e+06 2.422296531924889423e+05 -3.687270933267690241e+06 1.789629033038375434e+06 -1.570144203102764674e+06 8.578946179733090103e+06 -2.769937041906397790e+05
-2.651151903738364577e+06 -2.645849387807517312e+06 -3.588614700069268234e+06 7.803808880871914327e+06 -3.242237381983390078e+05 3.418013266933959723e+07 1.346276433583155274e+07 1.030410259120948613e+07 9.126487722937908024e+06 7.263952125754106790e+06 4.492329611997709610e+06 6.651684820555320010e+06 -1.205520690317874029e+07 1.640614307173860632e+07 6.803104482367733493e+06 1.013252252894883044e+07 -2.372808005057764426e+07 -2.158854251990567520e+07 1.697554887783806771e+07 3.323952145277674124e+07 -3.850025740268983878e+06 3.181418547450326011e+07 4.359628144012037665e+06 1.364467344886641391e+07 4.723647368934269994e+06 8.414705929046200588e+06 5.885177725329142995e+06 2.360633906338519603e+07 -1.263614392003819346e+06 5.489040802302556112e+06 1.322528179588561691e+07 2.509301282031935453e+07 7.863362250876937062e+06 1.608166467703239247e+07 -9.138647501830409747e+05 -1.024941415704765590e+06 3.161980338982759975e+06 8.115758189828986302e+06 2.325866756345411763e+06 1.300187440233049914e+07 -4.928411450271974318e+05 3.207332744563652202e+07 -2.363360311116079241e+07 7.440457153943752870e+06 -1.411757030736426823e+06 -9.339326634773229016e+05 -1.015504183562190644e+07 -2.977606940475566685e+07 2.845061902499220334e+06 4.007883975631953776e+07 7.890263782093727961e+06 2.619426106723136455e+07 -6.487825431652488187e+06 -2.112998915559147298e+07 -1.657213167434386443e+06 1.094555481310033792e+05 5.632895451362012886e+06 2.572447416257467866e+07 1.537342380461816210e+06 -4.295049569568004459e+06 3.764087937272374053e+06 2.148475719590467401e+06 1.729095442485515773e+07 1.085878178786586225e+07
-1.402150546755310148e+07 -3.793123322781302035e+07 8.692750390706340969e+07 1.053422492277563550e+07 3.262188960947577283e+07 1.506632852800389528e+08 -3.816506330164703541e+06 -1.350816426790916175e+07 -4.545454262573713437e+06 -2.431932502817306668e+06 -6.952150244661143050e+06 -2.936376124335440248e+07 -1.468088324036716670e+07 1.049015808319993503e+07 3.228411258106825873e+07 -4.055036269874215126e+07 1.909615468902113289e+07 -3.867024739451190084e+07 2.626490917417879216e+06 -3.850025740268983878e+06 -4.835058457164022326e+07 1.140111036383412182e+08 -3.632129678116563708e+07 6.421765903271937743e+06 -5.635377895949928090e+06 -6.030888479600344785e+06 -7.707828788174084388e+06 3.538448921321544796e+07 3.748375952955254167e+07 -1.230708178076984733e+07 2.350391065080199391e+07 4.888348101123431325e+07 -1.528564102817281522e+07 -1.644661428324807286e+08 -1.975656352757506538e+05 2.048263186757961754e+06 1.594422855083676800e+07 2.934565571931786090e+07 7.913075392797030509e+05 1.789108775985410213e+08 -4.312316815650091320e+07 -2.583734109418009967e+07 8.779353713808029890e+07 5.345587730586505681e+07 1.158895390118794516e+06 1.389350610021312535e+07 -5.061121903742384166e+07 -3.152376899481366575e+07 -4.533135414667136222e+07 1.473296265438507795e+08 -2.722444282535030693e+07 9.590410880110393465e+07 -1.125752324707007781e+07 1.497518916774590034e+06 4.896315967290312052e+07 -2.976669445983112091e+05 8.433598449966822565e+07 4.824867682164730132e+07 -2.350040848075627908e+07 -8.594209628272543848e+07 -5.538410779861404002e+07 -3.786874816744579002e+06 3.459557629835752249e+08 -1.764093282327908874e+08
-5.053365600370582193e+06 -2.392456496849946305e+07 -1.896742506226483360e+07 -2.838741931442308705e+06 -8.276159471602210402e+07 6.841716449152663350e+07 2.481273047890174389e+07 -5.914350835053318180e+06 -1.698421789485566318e+07 -1.156967701295647025e+07 -8.153869197933329269e+05 8.694131600873544812e+05 3.509486188608674705e+07 -1.907951993295737356e+07 -7.242430764546288550e+07 1.166985865577908233e+07 5.466016674307294190e+07 3.659210664278864115e+07 8.319752333840806037e+06 3.181418547450326011e+07 1.140111036383412182e+08 -7.247527296422515810e+07 -9.818478371135512367e+06 -9.199329033474635333e+06 -1.118874817693477497e+07 -1.697534270772062242e+07 -2.652450316619967110e+06 2.347177228193106130e+07 -1.297049901733122393e+07 2.954722709802392870e+06 -7.348642701310682110e+06 -1.682482735016047955e+07 -1.175954553522641398e+07 1.563088496433254704e+07 3.769379255695045576e+05 -1.510038819342118222e+05 -6.538182732615021989e+06 -2.878813578996651340e+05 1.547542410868578125e+06 -4.766520131449843198e+07 -1.016339658423233312e+06 -2.753368187546874397e+05 -7.071046742508208752e+07 -5.568905271314560622e+07 -9.482270273498667404e+06 1.765018164771952853e+07 5.579418433661545813e+07 4.386364571387245506e+07 -6.790066940883542411e+06 -6.298048989261653274e+07 -2.699655772733622789e+07 -3.081557667634179443e+07 -7.496784080528928898e+05 4.744055618100164086e+07 -3.241870325889248401e+07 -5.021928990593202761e+05 -3.086187519533770159e+07 -3.774741208371902816e+06 2.967581842565343902e+07 -1.521898107329779118e+07 -5.533702901916383207e+07 8.430325050868609920e+06 -2.375290300428011715e+08 8.773840578846327960e+07
3.066574887984345201e+06 -2.204883662846161053e+07 -1.947391713486077264e+06 9.471859585654097609e+05 3.440479743173832539e+06 -1.703172650756610930e+07 -3.074272780505759642e+06 -1.143303895788919367e+07 -3.698686368981771171e+06 -2.910278875443699583e+07 -9.218650593196725473e+06 -3.295027169349939376e+07 3.963531948279701173e+05 7.071982880733067170e+06 -8.159246160645138472e+06 2.752728563207001891e+06 6.285861589127250947e+06 2.090168302261224389e+07 -9.739658904834635556e+06 4.359628144012037665e+06 -3.632129678116563708e+07 -9.818478371135512367e+06 -3.020432890185531229e+07 -1.093527680490389280e+07 -6.527353235526867211e+06 -6.959982525609086268e+06 -8.761729164976896718e+05 -2.634617443385749310e+07 -4.835948664313838817e+06 -1.179810041298438795e+07 -2.038721218906942010e+07 -3.348101503673513979e+07 -1.835079123561505228e+07 1.295025327362633497e+07 -2.185088933498658240e+06 5.052918046083395020e+05 2.238333577300748974e+07 -1.742581123348972201e+07 1.130605855544531718e+07 3.378737182142633200e+07 2.206053574679074343e+06 -2.759526175353442132e+07 -7.279547195728293061e+07 3.264477920157738030e+06 1.786925361557394266e+06 2.480903373994797934e+06 9.613311725423045456e+06 6.659175089627075940e+06 -1.397151356684806291e+06 1.999746519307971746e+07 -1.996356920944869518e+07 -2.147454991154914349e+07 8.086820193892161362e+06 1.524565176820869744e+07 -9.417759462875433266e+06 3.233880930154660018e+05 -2.140074361803463846e+07 -9.055915772916134447e+06 -7.097125363783165812e+06 9.797492035878105089e+06 4.865962169040218927e+06 -9.447713035720351036e+04 -5.441971739979370683e+07 -3.241803478628577664e+06
-4.292976446377046406e+06 -6.075512324430136941e+05 -4.998312716612571850e+06 6.545605621016165242e+06 -5.634121206337438896e+06 1.653004745891390555e+07 3.682227595545437187e+06 9.355587261791508645e+06 -4.959193166780278087e+06 2.012776978982506553e+05 -5.242019561402961612e+06 1.155994986691481620e+07 1.171024220016233623e+07 6.436110572020437568e+06 -3.049117128886855207e+06 1.286351548657020554e+07 -1.630360154390946217e+07 -8.099399595784783363e+06 6.349705045147242025e+06 1.364467344886641391e+07 6.421765903271937743e+06 -9.199329033474635333e+06 -1.093527680490389280e+07 -1.244846758033600263e+07 4.604925077045960352e+05 -6.714035473527815193e+05 1.744799539070612285e+06 9.018186272662685951e+05 -2.170811472255683504e+06 1.297787034524907824e+06 -1.110933784868185595e+07 9.272957766607161611e+06 4.652145050099933520e+06 1.230938878083405830e+07 -1.051892364912432618e+06 4.198192370837584022e+05 -6.990587155253823847e+06 -2.619501418292903807e+06 -1.248294736528604850e+07 -2.496725650341648236e+07 8.595123805517426226e+05 1.987616723853602260e+07 -5.974696671201334894e+07 3.367997619425577577e+06 1.823250719808746362e+04 6.635223623146998696e+06 7.532819904490901157e+06 -2.377168576233258471e+06 -6.514657352374171838e+06 3.962732500026493333e+06 -6.723274769759093411e+06 -3.631117849437553436e+06 7.963409655951289460e+05 3.997051268659656867e+06 -1.332544928584609926e+07 -4.057615349293442559e+05 -2.330754957203624398e+07 -1.759727921606640145e+07 8.343496476930648088e+06 3.086551989553505182e+07 4.274384843807259575e+06 6.030873162612717133e+05 -1.005499848198642135e+08 4.902868293775512837e+06
