-4.803676864156454685e+05 4.255646970685142151e+04 -6.432282714070512156e+03 -2.127858622033023275e+05 1.971970208041945007e+05 -2.500280240944761899e+05 -1.183288175979671360e+05 -1.122288054028220067e+05 -4.730845783753955038e+04 -8.771724673500543577e+04 -3.019299569483446539e+05 -4.485357925431528129e+05 -9.415798506539762457e+03 -8.460027938786614686e+04 -4.102562052370379097e+05 -1.728141993129663751e+04 -3.417418380034055444e+05 6.021031026634181035e+04 -7.471161136837933736e+04 -2.658747857714848942e+04 -5.099622309408621368e+04 -3.599403424674111011e+04 -4.333559999743821099e+05 -9.326598713960777968e+05 -2.580860363839388010e+05 -8.490715899762048502e+04 -2.691534629471765365e+05 -4.352769698191665811e+05 -1.187109089208424848e+04 -2.814508967385320575e+05 1.301656615078841060e+04 4.760351736378580099e+05 -2.548815559696042328e+03 -1.767242158110017772e+05 -1.745287263380847289e+05 -4.719797654000716284e+04 -2.680582491640339867e+04 -1.319539649562757695e+05 -5.162768353048423887e+04 3.048886773376351630e+04 -5.669824535081078466e+03 1.518598327556375589e+05 -1.207803230548837746e+04 -3.324142444869683823e+04 -2.240601320336768185e+04 -1.015174285217686556e+05 -3.240860584907337761e+04 -1.761338058251710609e+05 -1.530206608484682220e+05 1.059440422713988519e+05 2.816905244111577631e+05 5.923406007200512249e+04 2.812219492422561161e+05 3.106052975331373455e+04 3.756771786459562136e+05 -1.824609173130850249e+05 -2.447157062665565172e+04 -2.186899261882577412e+04 1.119178517426840990e+05 -3.361031348896671552e+05 1.053994983867712435e+05 1.258013451075020930e+04 3.248358361201089792e+04 -2.680081387695105150e+04 8.035454718023215537e+04 -5.804004125782874180e+05 1.394336507612187997e+05 1.030166283634661886e+04 -1.852042155258546700e+04 -3.135844594863022212e+05 -8.415075875836389605e+04 -4.173308726128200215e+04 1.587639027208479092e+04 -1.457119784971975314e+05 -2.208274177728574796e+04 3.635442069159157109e+04 -2.876724678486612975e+05 1.213378578045056929e+04 -5.184966295260238257e+04 -1.235699744145970908e+04 -3.120147603865533019e+05 -2.267160379086211324e+05 5.629214576479641255e+04 9.408820620361885813e+04 -6.617645162423426518e+04 2.086646918505387730e+05 -2.389367213956532942e+04 2.978487523505986974e+04 -6.947232349174149931e+03 -2.311726851823679226e+03 -1.226726856200725024e+03 3.775479447330378753e+04 2.223663555282620073e+05 -3.215701171721897117e+04 9.938137706769729266e+04 -7.752144594726533978e+04 4.694212992044533894e+04 -3.671925131003800780e+05 9.845605525977245634e+03 2.167171878568487045e+03 -1.199574534712172463e+05 -2.393919399403729185e+05 2.391518713040918810e+05 1.755546804464429151e+05 -5.144497405285357672e+03 7.192407189748812234e+05 -8.034558538096058182e+05 -2.156225627549041528e+05 -1.117478095422338629e+04 1.074300271424844686e+04 -2.532912325994368439e+04 2.402686868735882163e+05 3.747891749729006551e+04 5.600131111095153028e+05 1.169636659992301575e+05 -2.691420377445503836e+05 1.270072608348105277e+05 -3.425057265857073071e+04 -7.467776696456685022e+04 -7.810661607726094644e+02 6.243342485512877465e+04 -1.006473002941641491e+06 3.828526331812809076e+04 -2.901637516733608209e+05 1.463069111966846976e+05 -2.181634714687373707e+04 -2.010578523575667059e+05 2.992153212909304420e+05
4.255646970685142151e+04 8.302628144896030426e+04 -1.246451946666807489e+05 3.968641950530553004e+04 1.020225872165907931e+05 -1.990432824530863436e+05 -2.517676414180771681e+05 1.580256337349837122e+04 1.608980259735623258e+05 8.728067345213328372e+04 -8.684429970232398773e+04 1.207066764455350349e+05 -8.122878087871774915e+04 -7.814057418836152647e+04 1.712345906282818469e+05 1.427230991008792189e+05 -1.686576348553064163e+05 5.302320978492764989e+05 -4.605033197351210401e+04 -7.201465453812971828e+04 -2.611051755284402752e+05 1.847871426098489901e+05 -3.685716043611458736e+04 -2.983981624463737826e+05 -2.012743820332366449e+05 1.708316819070284546e+05 3.080251111018311349e+05 2.147376774012748501e+04 1.787482054700379958e+05 -7.914250723153394938e+04 -3.463038998532783589e+05 7.741401890151388943e+05 -2.230870248138208990e+04 -1.322969235185356811e+05 6.816892062669013394e+05 8.757993810828541173e+05 6.516477756771615532e+04 4.567602686750404537e+05 5.530091758819246897e+05 5.171941717419979977e+05 1.689687197077695600e+04 2.394513901369789965e+05 -2.947721597960927174e+05 1.603183231732622080e+05 -1.126274416096089772e+04 1.157878674442511401e+05 2.363209966841585701e+05 2.206116942326686112e+05 -2.316957999084673938e+05 -7.447919112512215506e+05 -5.608155917878997279e+05 1.029475482620050752e+05 -4.253696373807282071e+05 -2.120522346496593673e+05 -2.206589864532964421e+05 2.711201534936944954e+05 -1.458297151705788747e+04 -1.084550144034873665e+05 2.244882292202075478e+05 -5.234137515780823305e+05 1.333691090241887723e+05 -1.328474419936673366e+05 1.708835047717413981e+05 4.599418211237570358e+04 3.123910339461655240e+05 4.049278715264739585e+05 4.930274741038447246e+05 1.760038790931445546e+05 2.990545324545187177e+05 5.079298030897380086e+05 2.023949000694748247e+05 -1.689040515446966456e+05 3.512994897640282579e+04 1.990035350335018593e+05 2.926049126596668793e+04 -3.167955575895126094e+05 -8.053738208498590393e+05 2.383293834433244483e+05 3.090758768259920180e+05 4.714885935979966889e+05 -5.077109613088114420e+05 -2.605051573722214671e+05 1.349856334842480137e+05 1.185235099270276987e+05 -6.691179192528373096e+05 7.493241827730791410e+05 1.508672392100771249e+05 6.740516240059660049e+04 -2.273882786172098349e+04 1.075973253531760383e+04 -5.909686564064937556e+03 5.562283668299086858e+05 4.227857125986181200e+05 1.315696103456335259e+05 8.975185972970495641e+04 5.274011879825737560e+05 4.989009296926110983e+04 -7.183263150159303332e+05 -3.449733589830998972e+04 -3.970689843255328014e+04 4.828215297249622527e+05 2.070397049252626603e+05 2.611741062052541238e+05 7.955598390360884368e+05 -2.209972773249424936e+05 6.099483875215824228e+05 6.739492927217937540e+05 1.944452946459546802e+05 -5.228383742771677498e+04 1.606400434645122732e+05 -3.186147896896518650e+05 -4.296895666232910589e+05 -2.672280910616327892e+05 8.167260812143238727e+05 5.436706983937402256e+05 7.371676132266585482e+05 -2.508818712623695319e+05 -7.862291362225573976e+05 2.707896272760737920e+05 4.628926720327517614e+03 5.293981716483377386e+05 9.917394383408017457e+05 -3.283086167333282647e+05 -9.523540397389379796e+05 -3.647153601108224830e+05 2.862861300163787382e+04 2.988278641703783534e+06 -1.670621169937781058e+06
-6.432282714070512156e+03 -1.246451946666807489e+05 -2.890815454540943028e+05 8.385967262322400347e+04 -2.927394652774849092e+05 1.034661605787409237e+06 -5.280059512792980531e+05 2.195418291973106971e+05 2.894564152026565716e+04 4.364498609064340126e+05 -8.035036936299710069e+05 -1.307462299157320289e+06 1.149880154388381401e+06 -7.285899279527319595e+04 8.254021593889985234e+05 2.365584849445389700e+05 1.337600171798065072e+06 -2.072988384553843352e+05 9.166642574073729338e+04 3.103724653731965809e+05 3.774889197427206673e+05 -3.147901800938601809e+04 -5.779218889967488358e+05 1.151780939602734288e+06 -1.574073886799193860e+04 3.173146879654741497e+05 -2.877334371686414233e+05 -7.420494132987842895e+05 -4.272668562150211073e+05 -9.018922923638867214e+05 1.099840106683588587e+06 2.200360927522924321e+05 1.576409020348130434e+05 -6.297783852912252769e+04 -1.538841556580310455e+06 2.346172071402544156e+06 -1.822156779238340678e+05 6.752997896233624779e+05 -1.006035990648746607e+06 -2.367936303356354474e+05 -8.086857490333721216e+04 -1.111738884164596209e+06 -5.268721916241031140e+05 3.187430174398964737e+05 1.584956368324157665e+04 -5.997674975615021540e+05 -5.043271344557317207e+05 -2.533250121857662452e+05 1.413831059820936644e+05 1.906056271601440851e+06 -1.104468974841255229e+06 1.155326201509747771e+05 5.586755968008805066e+05 1.334688896594380494e+05 4.524353626993334619e+05 3.010559902078048326e+05 3.107927515733417385e+04 1.997657588481348357e+05 2.906179040699287434e+05 -6.584795824745779391e+05 -5.333011273058890365e+05 5.720870986778965453e+05 -1.473527093614468351e+06 1.562874841692015070e+04 3.231137669618622167e+05 3.527791312669883482e+05 2.182089987369834271e+05 -1.304247173865580990e+05 -7.589093723082623910e+05 -4.803956287791344803e+05 3.213900569122478482e+05 6.110872567344371928e+05 -1.992314833737687441e+05 6.471793608617082937e+05 -6.180578187524561508e+04 -6.482561030002725311e+05 -6.173315297428180929e+05 -9.214312437847639667e+05 3.121184750163598801e+04 1.173005399198558880e+06 -1.225094268728308380e+06 -5.093031992811637465e+05 -9.614445523107392364e+04 -2.464020774450485187e+05 -1.363022904552951804e+05 8.385250282215380576e+05 -1.938898121492124919e+05 -3.302328770229598740e+05 -3.599404226512343303e+04 2.219584223636313982e+04 1.387474955382477856e+04 9.659833104288690956e+05 2.852834806964214076e+05 2.284215517306846159e+05 8.707799536653662799e+05 7.697483954672596883e+05 1.259764092785126850e+05 7.676522334594074637e+05 -6.975779787226266308e+03 1.221084300008798309e+05 -4.517145277295736596e+05 -3.679601034863738460e+05 4.494497064058763790e+05 -3.474720504268713994e+05 1.702039275756525749e+05 -9.603747491271450417e+04 4.269067566292356933e+05 3.016733261628607870e+05 2.022858904943801463e+04 -5.269838928590962896e+05 -4.715489807397996774e+05 -7.400051150594164210e+04 3.884391440144083754e+04 1.041432418703073286e+06 8.886189858994905371e+05 -1.265516143466249108e+06 -2.668290238026768784e+05 -1.848398101730353665e+06 1.040809100430716790e+05 -3.013475982061733521e+04 5.511610276925781509e+05 9.660236442467047600e+05 -2.181344072634188342e+05 9.388803667891012738e+05 1.468017461276144313e+05 -1.735577438736891490e+05 -3.520544399995897897e+06 1.572475844536809949e+06
-2.127858622033023275e+05 3.968641950530553004e+04 8.385967262322400347e+04 -2.627787565542361699e+05 -8.320515892436242430e+05 -2.503600325603867241e+05 -7.082195070389038883e+05 -1.717080687486914685e+05 -1.042663701176906034e+04 4.966339439848847105e+05 -9.195155756858467066e+04 -2.343716946887848899e+05 5.837054286409879569e+04 -1.072145604873796110e+05 -4.111816130948563223e+05 -1.799625339090223424e+05 -1.504732576142395847e+06 6.763695653626011335e+03 2.492257765610310889e+05 2.361715167751914123e+05 -2.745655080042904592e+05 -2.191480581728866673e+05 -4.928291894694782095e+05 -1.057772039329609397e+05 -1.231383036557128944e+05 -1.571421739993632364e+05 -1.020452586046008859e+06 -2.216015612104433530e+05 -5.058370801622901927e+05 -5.052396464887318434e+05 -8.765852331247032853e+05 -7.378572889701069798e+05 3.719861374797056487e+04 -5.821803470343108056e+05 -4.534693444083150825e+05 -1.101882411120881443e+04 -9.139867295033827759e+03 -2.540809420666710939e+05 -6.256726117236803111e+04 -1.144288853362615191e+05 4.083960109569296037e+04 -8.839580083501277841e+04 -1.868942940386604168e+05 -2.554728792430413596e+05 3.291963696104071278e+04 -1.949073898808139784e+05 -3.169033351269776904e+04 9.493406715312047163e+05 -2.420814631241731113e+05 7.168302280313316733e+05 7.165422821374362102e+05 -4.183610850953112822e+04 -3.239502079595990945e+05 8.607777001652264153e+04 -2.654483214808609337e+05 -3.179084429941625567e+05 1.103694009069722597e+04 -1.754853882306706801e+05 -6.344274719615292270e+05 -1.050524205613599624e+05 -9.887575674704342964e+04 -2.558202094161783170e+05 2.645008149822445121e+05 -8.983210249864825164e+04 -4.438581883944040164e+05 -5.002698303288907628e+05 -7.738233902040661778e+05 -1.850432402528099192e+04 3.723370586413135170e+05 9.778468449152397225e+05 -5.790239542193711968e+05 9.708332909058299265e+04 4.046575476699595310e+04 -8.690027007699922251e+04 -6.224014440952338919e+04 1.457721640512769227e+05 -2.625265194284450263e+05 -5.793239907608032227e+05 -3.353369108487531776e+05 2.042170499841141282e+04 6.155757106137893861e+05 -5.965867911326150643e+05 -1.040594329904230835e+05 -1.456957480667704658e+03 7.725920000162646174e+05 1.553827325153462007e+05 2.964732472924471367e+05 6.679897774109101738e+04 -6.438424885634736711e+03 1.614982925287607577e+04 7.026906084954242033e+03 3.199169190949988551e+05 -4.472786026687583653e+05 -1.522777779647934658e+05 -6.922543467738638865e+05 7.554048077960882802e+05 1.212828310753749975e+05 -9.372941317710212024e+04 -4.396189283668519784e+04 -4.380509639324910677e+04 -4.989965994328326778e+05 -5.827198108000992797e+05 -4.167386620245190570e+05 9.279664322714574519e+04 -2.163129004588925163e+05 -2.941660830151083646e+05 -7.835130989597295411e+05 2.985114326817797264e+05 -7.063443773782115022e+04 -8.378103877500136150e+04 -5.420310247111646459e+05 1.654298115135610802e+06 5.784550232851008332e+04 -3.468677062897179858e+05 -9.349665482912212610e+05 -1.431537132662524469e+06 3.881005074081565253e+05 1.276377535928472178e+06 -3.363602254195962450e+05 -5.344476616744152125e+03 -3.439733382526314817e+05 -1.665844852711880580e+06 2.766592527928994969e+05 -9.233369993601727765e+05 -1.851330208993706037e+05 6.396779907720197662e+04 -2.437520108830648474e+06 -1.931525815099299653e+06
1.971970208041945007e+05 1.020225872165907931e+05 -2.927394652774849092e+05 -8.320515892436242430e+05 -2.198241344916386995e+06 -1.044757147411781945e+06 -1.033916946335268789e+06 1.471257130764901813e+05 -2.689066681523579173e+05 -7.019227681265994906e+05 -1.976201614237336325e+05 2.837990332658168045e+05 1.279701055734332913e+05 -1.228696603136658086e+04 -1.542652860562569695e+06 -4.362447633709537331e+04 -1.228461096738451160e+06 4.509587221619241172e+05 -2.151266302262322279e+05 1.499655125069617061e+05 -1.815811778232630750e+05 1.428877727995727910e+05 -3.232385131824110285e+05 -1.904741576845154632e+06 -3.434946734108099190e+04 -1.884269704684168100e+05 2.106330960082414967e+05 4.268426478995184298e+05 5.761649880864572478e+05 -1.225960920630297333e+05 -9.469103520670675207e+05 -9.491731007424051641e+05 4.374957761920492048e+05 -5.470524144424720434e+05 1.741363996054368792e+06 -1.328946066019340651e+06 8.245838898027622781e+04 9.743636949017305160e+05 9.410933222153704264e+03 -2.168863776398856717e+05 1.458156611974901534e+04 -2.961306122895784210e+05 7.362660866676217120e+04 1.480727882786635309e+06 6.550695823134587408e+04 5.646040967733527941e+04 2.356453789083243464e+03 1.376232181394634244e+04 -4.537202886675733607e+05 -4.081649134349357337e+05 -7.091627101641005138e+05 -1.519343853633157269e+05 6.956035583928985288e+05 5.233321058934660687e+04 8.549913957808103878e+05 6.747920530910495436e+05 -3.654840998383936039e+03 -2.095795376457055390e+05 -1.951112002867088013e+05 1.775699988818651764e+05 2.267516200939381088e+04 -4.976287187892339425e+05 6.779596126820053905e+05 4.155438228203896142e+04 -4.481441206793081947e+05 -1.252485689843564323e+05 -1.624304934609811055e+06 2.363664918592874310e+05 -3.350777470195162459e+05 -1.582716787658967776e+06 -3.599217011957929935e+05 -1.251121516809256573e+05 -1.525498391867055907e+05 1.113596000621404266e+06 -3.555430036730981374e+04 1.372331303453915170e+05 1.613051702453748556e+06 1.530190869717715250e+05 5.074722493564074975e+05 -6.620531057041811291e+05 1.047405774418856716e+06 4.603988784532281570e+05 2.548521491115599929e+05 -6.101088199136183539e+04 -2.734142891482054722e+06 -1.679425284908093512e+06 6.453519547174386680e+05 -1.632211457187440828e+01 -6.270413671303225419e+04 4.484134442047608172e+04 -4.145414051138711329e+03 -3.635923947705453611e+05 -3.806344614104543580e+05 4.411101928370687529e+05 -8.601338638165064622e+05 1.097872635747576365e+06 2.432209366306350566e+05 1.235059602664953563e+06 -1.463847808982927381e+04 -1.100213499770764065e+04 -4.025288250775945489e+05 7.201154999805132393e+05 -4.857352592416243278e+05 -1.260374717249678652e+05 7.610531742274058342e+04 -1.372165197397451615e+06 -6.348770572862839326e+06 7.829708883488333086e+05 -2.622126897722926151e+04 2.352505620164524007e+05 -5.276984561956598191e+05 -1.203868014135271311e+06 -8.161913602787039708e+05 -1.858487479778398061e+06 3.683344099287854042e+05 -1.274211334294727538e+06 8.950658599950833013e+05 -7.454659622707981616e+05 3.535400250239774468e+05 6.861795320236400585e+03 3.658243885436839773e+05 -4.028155407049382571e+06 3.770663625283831498e+05 5.253453112145685591e+05 -4.249282513799659209e+05 1.075350641085067909e+05 4.301466176551885903e+06 1.500072123071237584e+05
-2.500280240944761899e+05 -1.990432824530863436e+05 1.034661605787409237e+06 -2.503600325603867241e+05 -1.044757147411781945e+06 3.764993515461932402e+06 2.489710046996515710e+06 -1.193133931145814131e+05 9.729488163402059581e+04 5.016358245130331488e+04 -9.643148995000543073e+05 -1.765897559508427745e+06 1.291913704491178039e+06 -4.349347306980099529e+04 1.790433409617603756e+06 1.643981608492749219e+05 1.658781736799019622e+06 -6.399346047928264597e+05 4.033529728941920330e+05 8.366614654862415045e+05 7.085455737841411028e+05 -2.732755984411174722e+04 -3.312524145125464420e+05 2.342746300920211710e+06 7.819969802772987168e+05 3.988630684515433386e+05 -1.411552960872506024e+06 -5.506967606171885272e+05 -9.020800078739529708e+05 -2.820324373521170346e+05 -2.347575629922477237e+05 -1.788555964461463154e+05 5.237607008598626126e+05 9.717582992521678098e+05 8.062319375115638832e+05 2.443832998230955563e+06 -1.759546182174046990e+05 -9.030028932620510459e+05 4.361250740191276418e+05 6.638204342007102678e+05 -2.255612430913371791e+05 4.712521415917911218e+05 9.754384108355696662e+04 1.247565620691279881e+06 7.471102624351673876e+04 1.604915938901758054e+05 2.129378455310266290e+05 -1.255142926384273916e+06 4.951550864124106010e+04 -5.654379458252259064e+05 6.902191568852894707e+05 -6.452838666140221903e+03 -2.648586884224595851e+05 -1.432214364874312887e+05 -2.304714501473144337e+05 -1.261998795337974094e+06 -6.946047786037401238e+04 6.180869372573274886e+05 4.158893011039734120e+05 -4.755761569069201942e+05 2.400451126095872896e+05 1.320793582106134621e+06 6.204461540562149603e+05 -4.642411611031200737e+05 -1.200730372894224711e+05 2.190582439963832730e+05 -9.482643009945460362e+05 -1.351698296082338784e+06 -1.716178144540748326e+04 -1.329149651635604678e+06 -3.795012530116310809e+05 -2.161722556282873120e+04 -1.447111752643716463e+05 -8.988292259698552079e+05 -2.970729987409467576e+05 7.875383311432994669e+05 -2.931034290575141786e+05 4.032291349534700275e+05 -3.033537878627328901e+05 1.228913395563362865e+06 1.843852091612382559e+06 -2.942477362028249772e+05 -5.494537703216563677e+05 3.715101171912723803e+05 -1.734922024917202070e+05 2.094809936990813003e+05 9.071250968433703529e+05 4.481847975060770987e+05 1.005729805388995737e+05 -1.053531417793300643e+05 7.016123559159971774e+04 -9.478717582249460975e+03 -2.577472645834973664e+05 2.919136087489133934e+05 -1.206633939545934845e+05 1.803042868488168577e+06 1.526075106807383709e+05 -9.851743464636071585e+05 1.802530766249283261e+04 1.786846155341023405e+05 -5.018958731918368721e+05 3.586692843495031120e+05 -5.934331139852661872e+05 1.360043872082417947e+05 -8.364645911544329720e+05 1.013761190530108288e+05 6.917662378340242431e+05 -1.423734008935895283e+06 1.371056422017755685e+05 1.363968377690656926e+05 -1.173123847054887156e+05 2.160210663217911497e+06 1.793185505421638954e+05 1.877657977384337282e+05 1.357201969349760562e+06 -1.537170629786157049e+06 8.129668681098846719e+03 3.975343323329715640e+05 -2.498986860980400816e+05 -3.208506828743006736e+03 -9.882871224300476024e+04 4.561997742168860277e+05 9.120060587460267125e+05 2.892171744647301966e+05 -8.999965133283842588e+05 -2.299942515021443251e+05 -6.882642172746080905e+05 1.583416632397452602e+06
-1.183288175979671360e+05 -2.517676414180771681e+05 -5.280059512792980531e+05 -7.082195070389038883e+05 -1.033916946335268789e+06 2.489710046996515710e+06 -1.169620295185179682e+06 1.882165908323451586e+05 1.012418309667013818e+04 2.116659344472077210e+06 -2.012962941065965220e+06 -4.156875421828766412e+04 7.025058445471031591e+05 -1.734669673495327006e+05 1.844831291386189172e+06 2.928102196186303627e+05 1.403915517944389256e+06 -2.319932026879376499e+05 1.391098627320129308e+05 6.022922322616700549e+05 3.455407985826795921e+05 -2.107437316124497447e+05 -1.316214839364597807e+06 1.517381438818159048e+06 -4.178428282341586892e+05 7.915195638512885198e+05 -1.464236923771115544e+05 -4.629052901735316846e+04 -7.647190501266831998e+05 -3.998172328108513029e+05 3.003844685759266722e+05 3.751812919592248509e+05 1.460217080371495802e+06 4.854451343360238243e+05 1.167793338509350782e+06 2.276704759743317496e+06 1.286331344430357130e+05 1.780034949382105144e+06 -6.998724618424260989e+05 -5.767175362755958922e+05 -9.444463218162138219e+03 -1.419849099423778243e+06 -1.155814198905423516e+06 6.263127260164459585e+04 4.116019553963635553e+04 -1.135167227203066694e+06 -3.523223854364213767e+05 3.032054666961970273e+06 -2.808143346710563637e+06 1.352718311634527752e+06 -2.429727931733449455e+06 2.998173586539693642e+05 5.433678835090489883e+03 -3.153462992897328222e+05 4.072643760478087643e+04 -1.479161214404455386e+06 3.073344455944473739e+05 3.542157920569324051e+05 3.049894876359007787e+06 -4.599561534935181029e+06 -2.426774392026397109e+05 5.469498615114791319e+05 -1.148566791638558207e+05 2.162830597143238410e+05 1.651552725804240676e+06 -9.271332197391114896e+05 4.519810247004412231e+05 2.485187254106479813e+05 -9.470988101362960879e+05 -9.990604704172881320e+05 1.616825627656566445e+06 5.909983078576429980e+05 -3.083230571304475889e+05 -1.487953893357465044e+06 -2.394957335139899224e+05 1.626308942649562377e+06 -2.877032325743604451e+06 -1.743330688834933797e+06 1.209636479170637438e+06 1.146570693625750253e+06 -4.745472842599619180e+06 -3.067867082895450760e+06 1.108827161727203202e+04 -7.823121510356916115e+05 -2.010355915233727079e+06 2.777416794871409889e+06 1.392441687856272096e+06 -5.176746423406722024e+05 2.696567444920380149e+04 -1.245932402553341308e+04 3.466626922665515849e+03 2.385193740821234416e+06 1.179201802689388860e+06 8.021816132148345932e+05 -2.724401953694968252e+05 2.668066262477601878e+06 4.058549203949240036e+05 -1.573284887463135179e+06 2.457113725141764735e+05 8.023669864740691264e+04 -1.132876454636608018e+06 1.163632188098793384e+06 -3.179636871551002841e+06 4.118544330222279299e+06 -1.294109445520612644e+06 4.056562081086008810e+06 -3.311566955983542837e+06 1.452441965272946749e+06 3.532352347767753527e+05 -2.879316025951534975e+05 -1.260853046750325710e+06 -1.530879625406233361e+06 -1.996323085432070773e+06 1.813689370055978419e+06 1.535859107254520524e+06 6.586612710900957696e+06 -9.421602841482476797e+05 -5.407298406846171245e+06 1.367668469645013800e+06 -8.242954189716334804e+04 1.797585764395018632e+05 4.055906232275278773e+06 1.563842325698300556e+03 3.815433761077761883e+05 4.726287966422769241e+05 -1.795032568667358428e+05 -5.296779233083064901e+05 1.335875972098589642e+06
-1.122288054028220067e+05 1.580256337349837122e+04 2.195418291973106971e+05 -1.717080687486914685e+05 1.471257130764901813e+05 -1.193133931145814131e+05 1.882165908323451586e+05 1.613925299163830641e+04 4.469874597655530670e+04 9.053409123333694879e+03 -1.405309464409345237e+05 -2.998392962788930163e+04 -9.343474308612817549e+04 -1.284046040053300094e+05 -2.897552466463837773e+05 1.069911597863988718e+05 3.795268378065197030e+05 7.056076137543468212e+04 2.106859110490251041e+05 1.650089770857584954e+05 -2.103803603035024717e+05 8.317640768323876546e+04 -1.090802815027930483e+05 -1.033464957567961537e+05 -1.364106746478393616e+05 9.516471222432753711e+04 -5.200105456908750057e+04 -2.622448083033557632e+05 7.779891437996891909e+03 -2.304994751338282367e+05 4.175372478543998295e+04 6.280762624654116808e+05 -6.595025227475019346e+04 -1.292197941089219239e+05 5.440858120710650692e+05 -3.066434975969117368e+05 -3.669741252364638785e+04 -3.002127693425023463e+05 4.941967740461098729e+05 4.691924622856452479e+05 4.087879906974558253e+02 -1.111504892569787626e+04 9.357731417194212554e+04 -1.379758011947440682e+05 -2.198560579892183523e+04 1.928912361131034268e+05 1.865547559298268752e+05 -3.504237800534263079e+04 9.950612903009568981e+02 -1.240629510992613796e+05 2.259684011413751577e+05 5.836831465006793587e+04 -3.361726537843269762e+05 1.364939376079399954e+05 -2.778021145011328044e+05 3.907680535213382973e+04 -3.498900147746277071e+04 -1.323861330953802826e+04 -3.173410150014128885e+04 1.987674438493439811e+04 3.736411437015049887e+04 -1.064566610263243492e+05 2.816994750831160927e+05 2.795109468406073211e+04 -1.039232899412304396e+05 -2.415024569929965655e+05 -9.598634558775523328e+04 5.286672381594905892e+04 2.050296668862343649e+05 5.562150255081793293e+05 9.702973657832328172e+04 2.751168863568293455e+04 5.586485384909083223e+04 -2.627546660468710470e+05 2.920699616459428944e+04 -2.298165288882521272e+05 -2.048032168680998439e+04 2.526640304624371929e+05 4.926667571771288931e+04 -1.582482256704039755e+05 -2.150909641056526161e+05 1.204952828627112613e+05 1.899953414647393583e+04 1.504623487075617304e+05 -1.699180746109607862e+05 7.553901760744068306e+05 -9.930264803636993747e+03 1.015451024588392465e+05 -1.515187065513365997e+04 -9.573444213947550452e+02 3.425629019596452508e+03 -1.988172041616563511e+05 -1.079228841351200244e+05 7.070812586511284462e+04 -2.204030060381862277e+05 -7.194102665176837763e+04 4.239560876798554091e+03 -7.423769104451506864e+05 -2.495714938936661201e+04 -4.687263050863059470e+04 5.031841132331318659e+04 7.236961074496374931e+04 4.706875263706916594e+05 7.548418274740569759e+05 -8.411561827565656858e+04 2.746257031671855366e+05 3.809883433980647824e+05 -2.948935630287595995e+04 -1.536744656438872880e+04 1.482006752573742779e+04 1.361588335927986482e+05 1.398465556860400538e+05 -7.863318407276910148e+04 5.713420891797540244e+05 3.880625637288230937e+05 -1.724085723156528547e+05 -1.062299628614106041e+03 -5.229646368087927112e+05 -4.269351284095377196e+03 2.379651545876689852e+03 9.571571457848593127e+04 2.819912504529920989e+04 -2.193782248951126530e+04 -6.216970588510378730e+05 -1.210194908424395398e+05 -1.597418351306602017e+04 3.263316370953380130e+06 -9.237779963077330031e+05
-4.730845783753955038e+04 1.608980259735623258e+05 2.894564152026565716e+04 -1.042663701176906034e+04 -2.689066681523579173e+05 9.729488163402059581e+04 1.012418309667013818e+04 4.469874597655530670e+04 -7.098207254825366545e+04 2.280369428473692969e+05 -2.317125257965377241e+05 -1.289840851781260862e+05 2.277863393702558242e+05 -3.290542454068607185e+03 -8.618064975209657860e+04 1.678986936545512799e+04 -6.235424210535013117e+03 5.583576226204750128e+03 1.305092108491992403e+05 2.146981174872099655e+05 -5.359289408975512197e+04 5.619953456610575086e+04 -2.011538140330391470e+05 -4.010849605794728850e+05 -8.213273500121464895e+04 1.501403852892196155e+05 -2.795959633690635092e+05 -2.372997251327511913e+05 2.261054171018162451e+05 -3.910382206204234535e+04 7.783417048710255767e+04 2.932831219455398968e+05 4.411659761890615482e+04 -5.032377178257862397e+03 -1.820395773382342304e+04 -5.697293480500862934e+05 -4.912582804810938978e+04 6.583267369073032751e+04 -1.818043311015989457e+04 1.055910241097012185e+05 -1.213378339865941780e+04 2.367600897361773241e+04 -8.218021216208129772e+03 -1.063011936006569595e+05 5.864122488314668772e+03 1.608424170275320284e+04 -3.614879515853463090e+04 -1.303681777374440717e+05 1.724217090663667477e+05 6.668282323574416805e+05 -2.014186649790536612e+05 -8.412155813630891498e+04 1.952567534189828730e+05 1.650070869578387064e+05 2.993259449693056522e+05 -9.626109042427709210e+04 -1.115127051056670098e+03 4.002763966235236148e+04 -5.026876440848171478e+05 -1.085061454880711972e+04 -5.436652845635103586e+04 7.477773142410493165e+03 -1.563916587994063157e+05 2.921648292110210605e+04 2.623099077763331297e+04 -2.027350371843715839e+05 -4.974380606387622538e+04 -6.086826216366625886e+04 3.119517661437417846e+05 -6.426940368984969100e+05 -3.581722149515803176e+04 -1.302086926799099456e+04 -1.337194239083617504e+04 5.886776976485871273e+04 -6.797204488623605357e+03 2.755991736646565550e+04 5.997839026805942412e+05 -1.182360244697972958e+05 -9.604294480706795002e+04 -2.447202092508650676e+05 5.906230689762382535e+05 2.257808742419545888e+05 -4.381055585385746963e+04 8.107808239566406701e+04 2.284737973908715940e+05 -6.578993915557293803e+04 -9.017184413552058686e+03 -6.789115660279245640e+04 -3.259559524566789605e+03 7.545787802295271831e+02 7.313404463616869180e+03 1.219582296117199876e+05 -2.345738069245741353e+05 4.740658129553945037e+04 -8.905618537935573841e+04 -3.876671672171689570e+05 2.834102394746124628e+04 2.991546044698236510e+05 -6.022810518171938384e+03 -1.223730200089551363e+04 -2.863779465873586014e+05 1.992812710001854866e+05 -2.213292628359707887e+05 -3.844489825415941887e+05 -8.592528076614660677e+03 -4.896040903275386663e+05 -5.417650164071712643e+05 4.200563255928208673e+04 -4.073517389862158780e+03 -2.518717080979031743e+04 -8.994485296086524613e+04 -4.026862791231145093e+04 -2.350184897328603256e+03 1.137759313551654923e+05 -4.159453773259429145e+05 -8.812748887508588377e+05 3.174020300780003890e+04 5.225036425963882357e+05 3.613163018403406750e+04 3.645955659754549743e+02 -2.741640786707763327e+05 -1.016647909954909119e+05 5.129994685745929019e+04 -4.329118250214651925e+04 -4.352631956147625460e+05 -4.215209141238605298e+03 6.787792513407119550e+05 1.294632477103212615e+06
-8.771724673500543577e+04 8.728067345213328372e+04 4.364498609064340126e+05 4.966339439848847105e+05 -7.019227681265994906e+05 5.016358245130331488e+04 2.116659344472077210e+06 9.053409123333694879e+03 2.280369428473692969e+05 6.348376450915737078e+05 -2.445069551902360108e+05 9.564092823721128516e+05 4.303400343267812859e+05 -2.605667663590617885e+05 5.794839855985653121e+05 3.569249929889683262e+05 3.167385653962283395e+06 9.878172019909733208e+05 8.108299307450641645e+05 4.626196425333566731e+05 3.280531349307009950e+05 -1.428959231971980480e+05 -1.439108020046396123e+05 2.532735670358120929e+06 -5.380230575046095764e+05 4.123376527762745973e+05 5.258029677352426806e+05 -6.047885788895962760e+05 1.053815969577295182e+05 -3.606030025775317336e+04 1.407963928379375488e+06 7.369727492031701840e+05 4.411996218018927611e+05 -2.562277689260813349e+04 2.565156744417817332e+06 -8.326742941479991714e+03 -8.065353491653842502e+04 1.689125676133847563e+06 1.865276762918147491e+06 1.815258124821669888e+06 -2.092005208024952663e+04 -8.151092212263485417e+05 -1.088552413466414437e+06 -9.408480568626444438e+04 4.073159349414074677e+04 -3.062926352743432290e+04 9.312053618810658809e+05 -6.860008492427166784e+05 5.816629629737283103e+05 -2.252801205273462925e+06 -1.209396410257809795e+06 2.376616150202833232e+05 -1.473736660046666861e+06 -4.972280398805949517e+03 -1.517506506644660374e+06 -4.244579015032912139e+05 5.555623605020814466e+02 2.077228818039761391e+05 4.306113924568136572e+05 -9.879077652991208015e+05 -3.848658050739902537e+05 4.373407008043274982e+05 1.340210959062285721e+06 1.763126653045164712e+05 9.932791008499717573e+05 1.421350670411642874e+06 1.784982945862386376e+06 -2.273262703560516820e+05 1.180198924237715546e+05 3.459594862730237190e+06 2.008746103104659123e+05 -1.422910179695828410e+05 -7.935531101678514096e+04 1.551700310351020657e+06 1.639006499927209225e+05 -4.619260954394987784e+05 -1.867818245655125473e+06 5.031527320124055841e+05 1.346219206804090645e+06 -4.243521088645393320e+03 -3.143179559582562186e+06 -2.479302042850931175e+06 -8.352706717813682917e+04 -1.311911134738884866e+05 6.522317785680532688e+05 1.830390693733837688e+06 -6.467032842538628029e+05 -1.383541640269046366e+04 2.560620785800212616e+04 -6.893159786163932949e+03 5.387814843437377931e+03 2.116799242502410896e+06 5.546426556005601306e+05 2.952540543925608508e+05 1.775094144999541808e+06 -1.083908367723495176e+05 4.000265196513948613e+05 -3.337228779811632121e+05 -6.726626522837670927e+04 3.479742440282538882e+04 1.736893165252735489e+05 5.338376885420437902e+05 -9.220193676593935816e+05 7.538503793562530773e+05 2.271443681353317806e+05 1.821833969427506207e+06 3.381140099735490978e+06 -8.277372960433660774e+04 3.760950877509514248e+04 -5.280495868969806470e+05 -1.033150808588691289e+06 -1.414335116993231699e+06 9.286253585250286851e+05 1.974074374928547302e+06 -1.137344868739611236e+06 6.376218110016931314e+05 -5.421731865992901148e+05 -1.351122566953563364e+06 1.712691600945793791e+06 1.694844731902216881e+04 3.783596643678852357e+06 1.957889860593390884e+06 -1.001521438779959339e+06 -3.180218779237905517e+06 -7.303487121139415540e+05 1.084424589159655625e+03 1.289586925861675665e+07 -6.526650648471847177e+06
-3.019299569483446539e+05 -8.684429970232398773e+04 -8.035036936299710069e+05 -9.195155756858467066e+04 -1.976201614237336325e+05 -9.643148995000543073e+05 -2.012962941065965220e+06 -1.405309464409345237e+05 -2.317125257965377241e+05 -2.445069551902360108e+05 -8.846081084143810440e+05 2.501318861529238347e+05 -1.127200555782152223e+05 -2.857068317562041921e+05 -1.173223133082911838e+06 -2.544916625623227446e+05 -1.152251225992140127e+06 2.441499144074891228e+04 -7.676556641073514475e+05 -6.523811939286619890e+05 -4.646887102280449471e+05 -9.150774139924552583e+04 -3.686036494453011546e+05 -2.484891799545063986e+04 -4.344636194654263090e+05 -2.202881932528900215e+05 -1.307043403318085620e+05 -4.337074703142553335e+05 6.959734519872808596e+04 -1.948872890780718881e+05 -4.748619172383333789e+05 5.173938764960533008e+05 -1.027365589471403742e+06 -4.592511905085658072e+05 5.379494552724977257e+05 1.188036539768150076e+06 -5.698697895434994280e+03 7.271330554439781699e+05 3.936026504521251190e+05 3.880838726230366738e+05 2.602347705219471663e+03 9.944478580789326224e+05 2.634125620144864079e+05 8.455171117541862186e+05 -1.833982779539500552e+04 1.864701251630700426e+05 1.953427169030832592e+05 8.904673061322277645e+05 -8.393126833241231507e+05 -5.239853102071984904e+05 1.685620083155722823e+05 7.433797089968954970e+04 -6.240089192361789756e+05 -2.901557991898643668e+05 -6.310151685726301512e+05 8.551648868454148760e+04 4.055339007567449880e+04 -2.106893426151248859e+05 8.730973858104731189e+05 -1.980830269941123552e+05 4.746887691761754104e+05 3.450007815602592746e+04 1.298899996330337599e+05 2.779938151147385724e+04 3.193285532815323677e+05 4.724556662241949234e+05 1.852972726894761145e+05 -4.906801835590823612e+04 7.904378255922117969e+05 1.048988528752605198e+06 3.686182908841753670e+04 1.060042825430693192e+05 -3.623122285466486210e+04 -3.396799931634051609e+04 2.626230108527417906e+04 -5.441196082933491562e+05 -6.847176208610485774e+05 2.218888177823053556e+05 7.613114857399032917e+04 6.208653709279611940e+05 -1.314072042969990755e+06 1.836078967509575014e+05 2.021174094253680669e+05 1.034296007691394916e+05 -2.141834564413576736e+05 3.899525791836505523e+05 1.642381232332509535e+04 -7.649381168990115839e+03 2.441583649746399715e+03 -3.783377083746940116e+03 -1.657389297381187862e+04 -1.394077323874924914e+05 7.451148257972589927e+05 1.257485269709870336e+05 2.356516272839923040e+05 5.535914993035066873e+05 -1.680051378715165192e+05 -5.248459586727846181e+05 -6.285508946465759072e+04 -3.333127087927505636e+04 3.929753783078341512e+05 -2.959877387488950044e+05 1.732519055542332935e+05 3.733873891361361602e+05 7.420779065053426893e+04 1.205259923387107439e+06 4.414654117756412597e+05 4.550557258364434820e+05 -7.402685222041938687e+04 4.118719404852531152e+05 2.495055952893594222e+05 3.246300977588343667e+05 4.440454154289689905e+04 1.869108218915317906e+06 3.729474168613846414e+05 1.125294133816663874e+06 -1.461529235028590192e+05 -6.344112317167161964e+05 4.939607288989243680e+05 -1.529206796603594375e+04 4.329580143821112579e+05 1.451200946398702683e+06 1.485646094257505320e+04 -8.436951244996034075e+05 -7.563249486557741184e+05 7.320870976768295805e+04 4.353389167503476143e+06 -2.271998426439530216e+06
-4.485357925431528129e+05 1.207066764455350349e+05 -1.307462299157320289e+06 -2.343716946887848899e+05 2.837990332658168045e+05 -1.765897559508427745e+06 -4.156875421828766412e+04 -2.998392962788930163e+04 -1.289840851781260862e+05 9.564092823721128516e+05 2.501318861529238347e+05 3.972197971852536313e+06 -8.358158882442878094e+05 -5.481287382820148487e+05 -2.872374228624807205e+06 -3.967126073381248862e+05 -7.012234697174103931e+05 1.912442897638134426e+06 3.487780801719449228e+05 -2.603585681316773116e+05 -8.579614192076929612e+05 -1.159295114013499697e+05 -5.481824620441938750e+05 -9.874347163075542776e+05 -8.114315637226711260e+05 -4.676873922560639912e+05 2.800648113478527521e+05 -6.082030017676501302e+05 1.142304634561556304e+05 4.688927316345198778e+05 3.843395615186382784e+05 -6.521949132592417300e+04 -8.439544933372760424e+05 -4.011438786350466544e+05 -1.138792833953381341e+05 -2.862049139877315611e+06 -3.629893807884100825e+05 -1.065817457636542153e+06 -2.947200658214548603e+05 4.680790383609628188e+05 4.480359216994721646e+04 6.153797185182864778e+05 4.323009220570098842e+05 -4.815712413258699235e+05 -7.424001821245675092e+04 1.217408476087231247e+05 -1.443022766255740717e+05 -3.764397265617464436e+05 2.630986130537448335e+05 -1.253014225053156260e+06 1.361214541376831941e+06 -1.260938426271950884e+05 -7.484768527266051387e+04 2.045500659393273236e+05 -1.731959122986191185e+06 6.656106531330650905e+05 8.955518920085343416e+04 -1.626386150470489702e+04 -1.018257003345712554e+06 3.594759187015301548e+06 -8.967108456734726497e+04 -6.230679037949806079e+05 -4.128544228386287432e+04 4.540583310503765824e+04 -2.382527414052025124e+05 -5.291364266127205919e+05 -1.233118486977425404e+06 8.004817239305424737e+05 1.366248079302586615e+06 6.335745062107264530e+05 -4.695468074779945891e+05 -2.482890189109420462e+05 -2.575126432969459565e+05 4.065439411435098737e+05 -7.005017404404982517e+04 7.360971769318020670e+05 2.734041470100553706e+06 8.790680243490556313e+04 -9.219443395859806333e+05 -1.434327013646024279e+06 1.353749946034249151e+06 2.226033614918186795e+06 3.888351283737389022e+05 -2.611914800244294165e+05 4.347978602982455632e+05 -2.627449999001199380e+06 -1.178969201057888102e+06 2.224091695263603178e+05 6.197363747675488412e+03 3.931678024602855294e+04 1.473034255519696308e+04 -8.113747466757675284e+04 1.402859143654598156e+05 1.248735943721587246e+05 6.207044741557192756e+05 -1.124933737969968934e+06 -7.726850548752680188e+05 5.898954767946875654e+05 -2.543951068162588490e+04 1.358482251434164209e+04 1.374918181186303264e+06 -8.417952323289682390e+05 1.031237880179522792e+06 -1.858650989294079598e+06 7.050071107382163173e+05 -2.648445195157694630e+06 1.587267838572720066e+06 -1.557096210080942546e+05 -1.131069192126960988e+05 -1.687558613715995307e+03 4.821196301655768184e+05 1.288962098211993463e+06 7.684373904728327179e+05 -1.581317973055424634e+06 -2.162667754358805250e+06 -2.059612485581049463e+06 7.087727074877140112e+05 -2.914828652065651258e+05 -5.043998420335345436e+05 -2.966851346534352615e+03 -7.275776123706835788e+05 -1.118188339552062564e+06 5.074629843961048173e+05 2.961945982961091679e+06 -1.130015419176726136e+06 1.466588918134980486e+05 2.155995305282980669e+06 2.342786590912041720e+06
