7.203168051875095367e+08 3.183004681670413017e+08 4.071703325172135830e+08 1.961404318229348063e+08 1.667752215599179268e+08 6.677908722463145256e+08 6.033047538403613567e+08 8.446929961835103035e+08 4.018312497887207866e+08 -1.319390755013333559e+09 2.599427784819528580e+09 1.468877565929583549e+09 4.728965847041141987e+08 4.867712296724305153e+08 3.422072089360190630e+08 2.175420293150321245e+08 -2.827400206784681082e+08 3.217333489780718088e+08 5.892508880563126802e+08 1.410909225934413075e+07 5.051671993099749088e+08 9.017147541819927096e+07 -4.926162599766488075e+09 7.509609836148142815e+06
3.183004681670413017e+08 -9.996563050346275330e+09 -5.592599227059305191e+09 -5.106770956304724216e+08 6.459340839515531063e+07 -1.326546646326068163e+09 -4.988187375289107561e+08 -2.341790132532577515e+09 -1.191890050218546629e+09 -4.093600729041772366e+09 -4.565158789121936798e+09 1.222824299162643671e+09 2.066938756533075869e+08 -2.854038354184480667e+09 7.378585987242443562e+08 -2.643201773848844171e+08 4.484617585901188850e+09 4.650843976890037537e+09 -1.309639187155595779e+09 -2.024578578220170498e+09 -1.426176823683881998e+09 -5.582547980539747477e+08 8.637261048597166061e+09 -4.937082281771842003e+09
4.071703325172135830e+08 -5.592599227059305191e+09 1.252067454248426437e+09 -1.417378494734553099e+08 1.364375438102903962e+07 -1.084717578381700516e+09 -5.808155878038355112e+08 -3.313813281358197212e+09 -1.059244102469185829e+09 2.335468200654109478e+09 -5.982461628004739761e+09 -4.218468703410727501e+09 1.326317958997870684e+09 2.926544847885908604e+09 -7.673778726187318563e+07 2.212489396758061647e+07 7.500302599617639542e+09 -5.484923808714548111e+09 -1.809990132235583961e+08 1.033401742607755065e+08 -5.775285384242863655e+08 -1.001044791109085828e+08 4.940513038236690760e+08 -1.148137964914043427e+09
1.961404318229348063e+08 -5.106770956304724216e+08 -1.417378494734553099e+08 4.423569463192050457e+08 2.552981767586812079e+08 4.527605493580639362e+07 4.131272483230070472e+08 -9.084207840372805595e+08 1.107210425493457317e+09 6.233649888615280390e+07 1.366139571757495403e+09 1.395845263923966885e+08 5.193627274218415022e+08 -1.034099869839744210e+09 -1.578931963005751371e+08 2.417758660939132571e+08 2.934959473755257130e+09 1.065511361822113395e+08 -5.436976751166164875e+08 -1.947014792678387165e+09 -6.917553427479207516e+08 4.184652469784548879e+07 7.883815868820895195e+09 -2.185256901120038509e+09
1.667752215599179268e+08 6.459340839515531063e+07 1.364375438102903962e+07 2.552981767586812079e+08 4.966828173877359033e+08 1.559620721713273525e+08 2.367479562053074241e+08 2.970222773373968601e+08 2.921265875006737709e+08 -2.353748269834632277e+08 4.677490477208951712e+08 2.033909794456963539e+08 1.758979277044311762e+08 4.626560094296307564e+08 2.835739847217727900e+08 1.351276628817112446e+08 3.534948895797171593e+08 -1.840507420886517167e+08 -6.148805764700520039e+07 9.854798848305134475e+07 1.798599973401783407e+07 3.558899699766245205e+06 -6.284384724512007833e+07 3.152982043650281429e+07
6.677908722463145256e+08 -1.326546646326068163e+09 -1.084717578381700516e+09 4.527605493580639362e+07 1.559620721713273525e+08 -3.491120128236150742e+07 9.559201179477241039e+08 5.159840766162636280e+08 4.473157306006241441e+08 -6.242234484069477320e+08 -1.210913190555591583e+09 -8.466476352644579411e+08 1.020453468220828295e+09 1.371130734863059044e+09 5.335394657253086567e+06 4.605045259931671619e+07 5.030000724847999215e+08 -5.701467792867118120e+08 4.240698954876581430e+08 -3.042013608338584900e+08 2.684187171591989398e+08 -7.445342847606536746e+07 1.003224105439850092e+09 -9.558752885065540075e+08
6.033047538403613567e+08 -4.988187375289107561e+08 -5.808155878038355112e+08 4.131272483230070472e+08 2.367479562053074241e+08 9.559201179477241039e+08 1.985818574995517731e+06 1.532783254037465811e+09 6.753907817856866121e+08 -7.601811583732693195e+08 3.348030769907059669e+09 1.541504237513062656e+08 3.175403704725466967e+08 2.015394360004032135e+09 2.683246330296342373e+08 1.911741924225529432e+08 6.998238675968912840e+08 -4.653110980305915475e+08 4.672425050751254559e+08 -1.704530632292179167e+08 1.437237795034502149e+08 1.012267036510470062e+08 3.713405724650495052e+08 -1.839279803530976772e+08
8.446929961835103035e+08 -2.341790132532577515e+09 -3.313813281358197212e+09 -9.084207840372805595e+08 2.970222773373968601e+08 5.159840766162636280e+08 1.532783254037465811e+09 4.287023464397150993e+09 8.577760719346801043e+08 -1.197738207285936117e+09 -1.230539002812638283e+09 -1.236560247430303097e+09 7.449086216971259117e+08 7.741397780452098846e+09 7.670316215313034058e+08 2.741914181055589914e+08 -2.622968282064520836e+09 -2.493352516657152176e+09 -8.348587583057895303e+07 7.463975140892088413e+07 1.104585609344756842e+09 -1.972600161219797656e+07 -3.628269147457170486e+07 -3.875445904059016109e+08
4.018312497887207866e+08 -1.191890050218546629e+09 -1.059244102469185829e+09 1.107210425493457317e+09 2.921265875006737709e+08 4.473157306006241441e+08 6.753907817856866121e+08 8.577760719346801043e+08 8.986355585910946131e+08 -1.261529917219199181e+09 2.192919902066617966e+09 4.756049855539858341e+07 1.895497386331895590e+08 7.142553925257074833e+07 2.516283715851247311e+08 2.018126629354763627e+08 3.326230473974486589e+08 2.524429897094767094e+08 6.001873257249780893e+08 1.307032983596556664e+09 1.231761620804079056e+09 1.064906941247687191e+08 2.653101989570550919e+08 2.446384729285235405e+09
-1.319390755013333559e+09 -4.093600729041772366e+09 2.335468200654109478e+09 6.233649888615280390e+07 -2.353748269834632277e+08 -6.242234484069477320e+08 -7.601811583732693195e+08 -1.197738207285936117e+09 -1.261529917219199181e+09 -3.813305535333745003e+09 -3.716558193899940014e+09 -2.940963240565193176e+09 3.450995030561691523e+07 -8.388735646617106199e+08 -9.606121534871506691e+07 3.065471435442924500e+06 5.731964391344701767e+09 -4.349652241324378014e+09 -3.559819943935808539e+08 -2.466257956876424253e+08 -5.775285393594729900e+08 -3.832718035089473724e+08 1.893915121917063236e+09 -1.148137917549310923e+09
2.599427784819528580e+09 -4.565158789121936798e+09 -5.982461628004739761e+09 1.366139571757495403e+09 4.677490477208951712e+08 -1.210913190555591583e+09 3.348030769907059669e+09 -1.230539002812638283e+09 2.192919902066617966e+09 -3.716558193899940014e+09 -9.695709799792808533e+09 -3.697824876653571606e+09 7.152743700741040707e+08 5.800860901236891747e+07 -4.207774945852863789e+08 3.501244456716036797e+08 1.291281959808708191e+09 -2.094503972634984493e+09 2.722220679197878242e+08 -2.278624858041503906e+09 -2.308849864621424675e+08 -6.073457360541377068e+08 -4.210316568940759897e+08 4.458079055410028458e+09
1.468877565929583549e+09 1.222824299162643671e+09 -4.218468703410727501e+09 1.395845263923966885e+08 2.033909794456963539e+08 -8.466476352644579411e+08 1.541504237513062656e+08 -1.236560247430303097e+09 4.756049855539858341e+07 -2.940963240565193176e+09 -3.697824876653571606e+09 4.727832020524656296e+09 1.159906488621760607e+08 3.050341029932258129e+08 -7.546744085796551704e+08 -1.238315884663031697e+08 2.476547848266110420e+09 3.024143897574508190e+08 -1.110390976636472702e+09 -1.723826553347304583e+09 1.319943289473351479e+09 -2.609042823017948866e+08 7.395975371539789200e+09 -4.327375929753734589e+09
4.728965847041141987e+08 2.066938756533075869e+08 1.326317958997870684e+09 5.193627274218415022e+08 1.758979277044311762e+08 1.020453468220828295e+09 3.175403704725466967e+08 7.449086216971259117e+08 1.895497386331895590e+08 3.450995030561691523e+07 7.152743700741040707e+08 1.159906488621760607e+08 7.105722375504748821e+08 1.469999914843859076e+08 4.022831654090986848e+08 2.196095672672564387e+08 -5.140131645018156767e+08 -3.965359099512409568e+08 1.392169081840089262e+08 4.884673897712270617e+08 4.150840212085037827e+08 6.893003187634323537e+07 -1.733924036425220728e+09 -1.427297508850198746e+09
4.867712296724305153e+08 -2.854038354184480667e+09 2.926544847885908604e+09 -1.034099869839744210e+09 4.626560094296307564e+08 1.371130734863059044e+09 2.015394360004032135e+09 7.741397780452098846e+09 7.142553925257074833e+07 -8.388735646617106199e+08 5.800860901236891747e+07 3.050341029932258129e+08 1.469999914843859076e+08 4.658377412794597626e+09 -4.537170655636910200e+08 2.417291573582693636e+08 -5.611140912462467194e+09 1.626545227923619986e+09 3.829113801884272099e+08 -1.499101953065037727e+09 3.546639332571412563e+09 1.976486728176603317e+08 -1.427979581293940544e+10 -4.317967671708345413e+09
3.422072089360190630e+08 7.378585987242443562e+08 -7.673778726187318563e+07 -1.578931963005751371e+08 2.835739847217727900e+08 5.335394657253086567e+06 2.683246330296342373e+08 7.670316215313034058e+08 2.516283715851247311e+08 -9.606121534871506691e+07 -4.207774945852863789e+08 -7.546744085796551704e+08 4.022831654090986848e+08 -4.537170655636910200e+08 -1.344819262351088762e+09 2.455346636510820985e+08 8.013483290669507980e+08 -1.321460642482533455e+08 -1.480827643525339365e+08 -4.543771524048914909e+08 -1.506963156483372450e+09 4.705630082472914457e+07 1.919807982119139671e+09 1.250662043522820950e+09
2.175420293150321245e+08 -2.643201773848844171e+08 2.212489396758061647e+07 2.417758660939132571e+08 1.351276628817112446e+08 4.605045259931671619e+07 1.911741924225529432e+08 2.741914181055589914e+08 2.018126629354763627e+08 3.065471435442924500e+06 3.501244456716036797e+08 -1.238315884663031697e+08 2.196095672672564387e+08 2.417291573582693636e+08 2.455346636510820985e+08 5.196156380744502544e+08 3.965046017123492956e+08 -3.400094965101517439e+08 -6.557253008236503601e+07 -1.096445630608109832e+08 -9.261638068902321160e+07 -9.395002974148491398e+06 2.620604748497251272e+08 2.727757348968695402e+08
-2.827400206784681082e+08 4.484617585901188850e+09 7.500302599617639542e+09 2.934959473755257130e+09 3.534948895797171593e+08 5.030000724847999215e+08 6.998238675968912840e+08 -2.622968282064520836e+09 3.326230473974486589e+08 5.731964391344701767e+09 1.291281959808708191e+09 2.476547848266110420e+09 -5.140131645018156767e+08 -5.611140912462467194e+09 8.013483290669507980e+08 3.965046017123492956e+08 7.101443146343144417e+09 -1.367568122963132381e+09 -1.215711604699193716e+09 1.029188598556369543e+08 -9.287046659204108715e+08 1.787513208031555712e+08 -5.455313590955824852e+08 9.011523182996704578e+08
3.217333489780718088e+08 4.650843976890037537e+09 -5.484923808714548111e+09 1.065511361822113395e+08 -1.840507420886517167e+08 -5.701467792867118120e+08 -4.653110980305915475e+08 -2.493352516657152176e+09 2.524429897094767094e+08 -4.349652241324378014e+09 -2.094503972634984493e+09 3.024143897574508190e+08 -3.965359099512409568e+08 1.626545227923619986e+09 -1.321460642482533455e+08 -3.400094965101517439e+08 -1.367568122963132381e+09 4.973987136302835464e+09 -1.309639187155595779e+09 -2.024578578220170498e+09 -1.426176823683881998e+09 -2.750874732976440787e+08 -1.210472436189136124e+10 -4.937082281771842003e+09
5.892508880563126802e+08 -1.309639187155595779e+09 -1.809990132235583961e+08 -5.436976751166164875e+08 -6.148805764700520039e+07 4.240698954876581430e+08 4.672425050751254559e+08 -8.348587583057895303e+07 6.001873257249780893e+08 -3.559819943935808539e+08 2.722220679197878242e+08 -1.110390976636472702e+09 1.392169081840089262e+08 3.829113801884272099e+08 -1.480827643525339365e+08 -6.557253008236503601e+07 -1.215711604699193716e+09 -1.309639187155595779e+09 0.000000000000000000e+00 0.000000000000000000e+00 0.000000000000000000e+00 -8.202327829053664207e+07 0.000000000000000000e+00 0.000000000000000000e+00
1.410909225934413075e+07 -2.024578578220170498e+09 1.033401742607755065e+08 -1.947014792678387165e+09 9.854798848305134475e+07 -3.042013608338584900e+08 -1.704530632292179167e+08 7.463975140892088413e+07 1.307032983596556664e+09 -2.466257956876424253e+08 -2.278624858041503906e+09 -1.723826553347304583e+09 4.884673897712270617e+08 -1.499101953065037727e+09 -4.543771524048914909e+08 -1.096445630608109832e+08 1.029188598556369543e+08 -2.024578578220170498e+09 0.000000000000000000e+00 0.000000000000000000e+00 0.000000000000000000e+00 -6.561862263242931366e+08 0.000000000000000000e+00 0.000000000000000000e+00
5.051671993099749088e+08 -1.426176823683881998e+09 -5.775285384242863655e+08 -6.917553427479207516e+08 1.798599973401783407e+07 2.684187171591989398e+08 1.437237795034502149e+08 1.104585609344756842e+09 1.231761620804079056e+09 -5.775285393594729900e+08 -2.308849864621424675e+08 1.319943289473351479e+09 4.150840212085037827e+08 3.546639332571412563e+09 -1.506963156483372450e+09 -9.261638068902321160e+07 -9.287046659204108715e+08 -1.426176823683881998e+09 0.000000000000000000e+00 0.000000000000000000e+00 0.000000000000000000e+00 1.640465565810732841e+08 0.000000000000000000e+00 0.000000000000000000e+00
9.017147541819927096e+07 -5.582547980539747477e+08 -1.001044791109085828e+08 4.184652469784548879e+07 3.558899699766245205e+06 -7.445342847606536746e+07 1.012267036510470062e+08 -1.972600161219797656e+07 1.064906941247687191e+08 -3.832718035089473724e+08 -6.073457360541377068e+08 -2.609042823017948866e+08 6.893003187634323537e+07 1.976486728176603317e+08 4.705630082472914457e+07 -9.395002974148491398e+06 1.787513208031555712e+08 -2.750874732976440787e+08 -8.202327829053664207e+07 -6.561862263242931366e+08 1.640465565810732841e+08 0.000000000000000000e+00 1.312372452648586273e+09 9.842793394864393473e+08
-4.926162599766488075e+09 8.637261048597166061e+09 4.940513038236690760e+08 7.883815868820895195e+09 -6.284384724512007833e+07 1.003224105439850092e+09 3.713405724650495052e+08 -3.628269147457170486e+07 2.653101989570550919e+08 1.893915121917063236e+09 -4.210316568940759897e+08 7.395975371539789200e+09 -1.733924036425220728e+09 -1.427979581293940544e+10 1.919807982119139671e+09 2.620604748497251272e+08 -5.455313590955824852e+08 -1.210472436189136124e+10 0.000000000000000000e+00 0.000000000000000000e+00 0.000000000000000000e+00 1.312372452648586273e+09 0.000000000000000000e+00 0.000000000000000000e+00
7.509609836148142815e+06 -4.937082281771842003e+09 -1.148137964914043427e+09 -2.185256901120038509e+09 3.152982043650281429e+07 -9.558752885065540075e+08 -1.839279803530976772e+08 -3.875445904059016109e+08 2.446384729285235405e+09 -1.148137917549310923e+09 4.458079055410028458e+09 -4.327375929753734589e+09 -1.427297508850198746e+09 -4.317967671708345413e+09 1.250662043522820950e+09 2.727757348968695402e+08 9.011523182996704578e+08 -4.937082281771842003e+09 0.000000000000000000e+00 0.000000000000000000e+00 0.000000000000000000e+00 9.842793394864393473e+08 0.000000000000000000e+00 0.000000000000000000e+00
