3.050606298542896748e+09 1.348007356386466980e+09 1.724392721114230156e+09 8.304934802552533150e+08 7.057000196416792870e+08 2.828258521660535812e+09 2.555094794733479023e+09 3.577431541791160107e+09 1.701799374226711512e+09 -5.588066183202450752e+09 1.100943147613982391e+10 6.221017927930639267e+09 2.002780325479609013e+09 2.061567612699102640e+09 1.449387725219860077e+09 9.219405615421953201e+08 -1.197268192468217373e+09 1.362545273629765272e+09 2.495642449315536499e+09 5.976387315050458908e+07 2.139526419331458807e+09 3.819005450931590199e+08 -2.086368162744902802e+10 3.182166667585313320e+07
1.348007356386466980e+09 -4.233812368370740509e+10 -2.368614579316387939e+10 -2.162420406975691795e+09 2.756513607298126221e+08 -5.618288130087587357e+09 -2.112717166106675863e+09 -9.917458208547039032e+09 -5.048065884218118668e+09 -1.733748442710708618e+10 -1.933473251504061127e+10 5.179029420412544250e+09 8.753228135928337574e+08 -1.208792726971382332e+10 3.124522578590507507e+09 -1.121518508022444010e+09 1.899324535357319641e+10 1.969764308368550110e+10 -5.546697025125249863e+09 -8.574687150136313438e+09 -6.040273543716035843e+09 -2.364360293686972618e+09 3.658132174157390594e+10 -2.090998339770534134e+10
1.724392721114230156e+09 -2.368614579316387939e+10 5.302977508314149857e+09 -5.996925338885898590e+08 6.059297303301382065e+07 -4.594075413274919510e+09 -2.459999298824658394e+09 -1.403403786970545959e+10 -4.486276774863214493e+09 9.891404312701293945e+09 -2.533745827438882828e+10 -1.786632707114296341e+10 5.617235588056615829e+09 1.239437669436758423e+10 -3.256746057240226269e+08 9.094410433937549591e+07 3.176533795800747299e+10 -2.323010434261582184e+10 -7.665956932206693888e+08 4.376336034753866196e+08 -2.446014813260513306e+09 -4.239677750156759024e+08 2.092590393818232059e+09 -4.862762862863340378e+09
8.304934802552533150e+08 -2.162420406975691795e+09 -5.996925338885898590e+08 1.873871110044026375e+09 1.081754718098373652e+09 1.918376904217920303e+08 1.749491041093130350e+09 -3.847488541704493523e+09 4.689110141413245201e+09 2.645132688179943562e+08 5.786392174664275169e+09 5.915968406685342789e+08 2.199429308539819241e+09 -4.380350915237106323e+09 -6.687315704709799290e+08 1.023450776797770500e+09 1.243068983977700806e+10 4.517841722725096941e+08 -2.302880894994800091e+09 -8.246602053768655777e+09 -2.930032117725211143e+09 1.772565977310146689e+08 3.339180048918666077e+10 -9.256106621460805893e+09
7.057000196416792870e+08 2.756513607298126221e+08 6.059297303301382065e+07 1.081754718098373652e+09 2.103200727353702545e+09 6.609910000189449787e+08 1.002048421895858645e+09 1.256680275596408606e+09 1.236532163390494823e+09 -9.945223680881483555e+08 1.982755654439125061e+09 8.634134353928327560e+08 7.443396530872673988e+08 1.957206310105507612e+09 1.201819698504635572e+09 5.724689840253336430e+08 1.498885281541326046e+09 -7.771086848692092896e+08 -2.611593463009814620e+08 4.153982328752880096e+08 7.506313273322957754e+07 1.518094900378140435e+07 -2.589480236694210768e+08 1.294728186270363331e+08
2.828258521660535812e+09 -5.618288130087587357e+09 -4.594075413274919510e+09 1.918376904217920303e+08 6.609910000189449787e+08 -1.477850754862079620e+08 4.048565065494536877e+09 2.185599236514868736e+09 1.894485687975756884e+09 -2.643756304064991951e+09 -5.128432538394465446e+09 -3.585783940170483112e+09 4.321881541855754852e+09 5.807040164674493790e+09 2.247653759501695633e+07 1.946701191427686214e+08 2.130387213785399437e+09 -2.414726739209345818e+09 1.796052406171987057e+09 -1.288376777549848080e+09 1.136826810181668997e+09 -3.153307101122127175e+08 4.248931298201576233e+09 -4.048395396653345585e+09
2.555094794733479023e+09 -2.112717166106675863e+09 -2.459999298824658394e+09 1.749491041093130350e+09 1.002048421895858645e+09 4.048565065494536877e+09 8.277230800927162170e+06 6.491681383824606895e+09 2.860399198912960052e+09 -3.219659957830284595e+09 1.417997129650527954e+10 6.527870319897651672e+08 1.344804081770258427e+09 8.535707098699207306e+09 1.136475871799452782e+09 8.102707647176842690e+08 2.964161117796899796e+09 -1.970804380092504740e+09 1.978903414632622719e+09 -7.219075803863580227e+08 6.087141973946728706e+08 4.287224750755369663e+08 1.572700271938251734e+09 -7.789691425525295734e+08
3.577431541791160107e+09 -9.917458208547039032e+09 -1.403403786970545959e+10 -3.847488541704493523e+09 1.256680275596408606e+09 2.185599236514868736e+09 6.491681383824606895e+09 1.815565420821178818e+10 3.632823500987671375e+09 -5.072006402099890709e+09 -5.210856689889588356e+09 -5.236529557440686226e+09 3.154817987717960358e+09 3.278648995689149857e+10 3.249204964458852291e+09 1.162804734881618977e+09 -1.110798496557554245e+10 -1.055927719978865242e+10 -3.537948619238597155e+08 3.155605357537143230e+08 4.677909300614685059e+09 -8.351451457585543394e+07 -1.516291749176120758e+08 -1.642506304153568029e+09
1.701799374226711512e+09 -5.048065884218118668e+09 -4.486276774863214493e+09 4.689110141413245201e+09 1.236532163390494823e+09 1.894485687975756884e+09 2.860399198912960052e+09 3.632823500987671375e+09 3.805836283210581779e+09 -5.343010967402283669e+09 9.287764141632520676e+09 2.013481783305101395e+08 8.027288210885260105e+08 3.024693677490663528e+08 1.065775612180770874e+09 8.553862404249598980e+08 1.408978102865089655e+09 1.069080223629878044e+09 2.541961268610929966e+09 5.535651899917617798e+09 5.216853491452049255e+09 4.510169214863231182e+08 1.123632498673859835e+09 1.036112809758684540e+10
-5.588066183202450752e+09 -1.733748442710708618e+10 9.891404312701293945e+09 2.645132688179943562e+08 -9.945223680881483555e+08 -2.643756304064991951e+09 -3.219659957830284595e+09 -5.072006402099890709e+09 -5.343010967402283669e+09 -1.615030629902953529e+10 -1.574069789380613899e+10 -1.245574958411064720e+10 1.460754600947909355e+08 -3.553171131593205452e+09 -4.074164375547950268e+08 1.066519697629833221e+07 2.427604073221046066e+10 -1.842192649445861816e+10 -1.507696710789227962e+09 -1.044568463885281324e+09 -2.446014817242746830e+09 -1.623259219497313261e+09 8.021398401943270683e+09 -4.862762662346525192e+09
1.100943147613982391e+10 -1.933473251504061127e+10 -2.533745827438882828e+10 5.786392174664275169e+09 1.982755654439125061e+09 -5.128432538394465446e+09 1.417997129650527954e+10 -5.210856689889588356e+09 9.287764141632520676e+09 -1.574069789380613899e+10 -4.106396694307519531e+10 -1.566132825573492813e+10 3.029523725352150917e+09 2.458163711670067310e+08 -1.782426876641334057e+09 1.481507588778366327e+09 5.468710337547911644e+09 -8.870855857512851715e+09 1.152995039634876251e+09 -9.650442766740703583e+09 -9.777715872823138237e+08 -2.572284833688532829e+09 -1.783766909673814297e+09 1.888151809724646759e+10
6.221017927930639267e+09 5.179029420412544250e+09 -1.786632707114296341e+10 5.915968406685342789e+08 8.634134353928327560e+08 -3.585783940170483112e+09 6.527870319897651672e+08 -5.236529557440686226e+09 2.013481783305101395e+08 -1.245574958411064720e+10 -1.566132825573492813e+10 2.002372944582895279e+10 4.911700573928632736e+08 1.291619118019647121e+09 -3.196746760884379387e+09 -5.264288262739515305e+08 1.048853680713844490e+10 1.280846949157633781e+09 -4.702826092259816170e+09 -7.300919666217170715e+09 5.590299878645513535e+09 -1.104999135712407589e+09 3.132413574470232773e+10 -1.832770942542844772e+10
2.002780325479609013e+09 8.753228135928337574e+08 5.617235588056615829e+09 2.199429308539819241e+09 7.443396530872673988e+08 4.321881541855754852e+09 1.344804081770258427e+09 3.154817987717960358e+09 8.027288210885260105e+08 1.460754600947909355e+08 3.029523725352150917e+09 4.911700573928632736e+08 3.009335336542695999e+09 6.225428510065641403e+08 1.703825377933453083e+09 9.306947429903475046e+08 -2.176774069591023445e+09 -1.679522396529601812e+09 5.896248572810529470e+08 2.068801635619060993e+09 1.757999401600642204e+09 2.919371937000452876e+08 -7.343673957135153770e+09 -6.044980823196487427e+09
2.061567612699102640e+09 -1.208792726971382332e+10 1.239437669436758423e+10 -4.380350915237106323e+09 1.957206310105507612e+09 5.807040164674493790e+09 8.535707098699207306e+09 3.278648995689149857e+10 3.024693677490663528e+08 -3.553171131593205452e+09 2.458163711670067310e+08 1.291619118019647121e+09 6.225428510065641403e+08 1.972993093196969986e+10 -1.921305128398403168e+09 1.025927775709703565e+09 -2.376428922013855362e+10 6.888551889998947144e+09 1.621790551259976387e+09 -6.348960107893601418e+09 1.502107588675685310e+10 8.370883374840146303e+08 -6.047940165116725159e+10 -1.828747456529225540e+10
1.449387725219860077e+09 3.124522578590507507e+09 -3.256746057240226269e+08 -6.687315704709799290e+08 1.201819698504635572e+09 2.247653759501695633e+07 1.136475871799452782e+09 3.249204964458852291e+09 1.065775612180770874e+09 -4.074164375547950268e+08 -1.782426876641334057e+09 -3.196746760884379387e+09 1.703825377933453083e+09 -1.921305128398403168e+09 -5.696580889822196960e+09 1.039078263177391291e+09 3.393475271495450974e+09 -5.602548071667649746e+08 -6.270107565513290167e+08 -1.923983203880843639e+09 -6.382162090967017174e+09 1.992729598727159798e+08 8.129351611653559685e+09 5.297778173300809860e+09
9.219405615421953201e+08 -1.121518508022444010e+09 9.094410433937549591e+07 1.023450776797770500e+09 5.724689840253336430e+08 1.946701191427686214e+08 8.102707647176842690e+08 1.162804734881618977e+09 8.553862404249598980e+08 1.066519697629833221e+07 1.481507588778366327e+09 -5.264288262739515305e+08 9.306947429903475046e+08 1.025927775709703565e+09 1.039078263177391291e+09 2.200722659541431904e+09 1.677896909129607916e+09 -1.442392711584862232e+09 -2.769938687861418724e+08 -4.624399315160946846e+08 -3.911684037525182962e+08 -3.989601340572021157e+07 1.102847904087072849e+09 1.159253153272733927e+09
-1.197268192468217373e+09 1.899324535357319641e+10 3.176533795800747299e+10 1.243068983977700806e+10 1.498885281541326046e+09 2.130387213785399437e+09 2.964161117796899796e+09 -1.110798496557554245e+10 1.408978102865089655e+09 2.427604073221046066e+10 5.468710337547911644e+09 1.048853680713844490e+10 -2.176774069591023445e+09 -2.376428922013855362e+10 3.393475271495450974e+09 1.677896909129607916e+09 3.007562505926580429e+10 -5.792440086465583801e+09 -5.148707585623213768e+09 4.363312375157949924e+08 -3.933071338777485371e+09 7.570368735053759813e+08 -2.312084209144816399e+09 3.817534427062623978e+09
1.362545273629765272e+09 1.969764308368550110e+10 -2.323010434261582184e+10 4.517841722725096941e+08 -7.771086848692092896e+08 -2.414726739209345818e+09 -1.970804380092504740e+09 -1.055927719978865242e+10 1.069080223629878044e+09 -1.842192649445861816e+10 -8.870855857512851715e+09 1.280846949157633781e+09 -1.679522396529601812e+09 6.888551889998947144e+09 -5.602548071667649746e+08 -1.442392711584862232e+09 -5.792440086465583801e+09 2.106629670168993378e+10 -5.546697025125249863e+09 -8.574687150136313438e+09 -6.040273543716035843e+09 -1.165068847687019825e+09 -5.126668719546634674e+10 -2.090998339770534134e+10
2.495642449315536499e+09 -5.546697025125249863e+09 -7.665956932206693888e+08 -2.302880894994800091e+09 -2.611593463009814620e+08 1.796052406171987057e+09 1.978903414632622719e+09 -3.537948619238597155e+08 2.541961268610929966e+09 -1.507696710789227962e+09 1.152995039634876251e+09 -4.702826092259816170e+09 5.896248572810529470e+08 1.621790551259976387e+09 -6.270107565513290167e+08 -2.769938687861418724e+08 -5.148707585623213768e+09 -5.546697025125249863e+09 0.000000000000000000e+00 0.000000000000000000e+00 0.000000000000000000e+00 -3.473911268238879442e+08 0.000000000000000000e+00 0.000000000000000000e+00
5.976387315050458908e+07 -8.574687150136313438e+09 4.376336034753866196e+08 -8.246602053768655777e+09 4.153982328752880096e+08 -1.288376777549848080e+09 -7.219075803863580227e+08 3.155605357537143230e+08 5.535651899917617798e+09 -1.044568463885281324e+09 -9.650442766740703583e+09 -7.300919666217170715e+09 2.068801635619060993e+09 -6.348960107893601418e+09 -1.923983203880843639e+09 -4.624399315160946846e+08 4.363312375157949924e+08 -8.574687150136313438e+09 0.000000000000000000e+00 0.000000000000000000e+00 0.000000000000000000e+00 -2.779129014591103554e+09 0.000000000000000000e+00 0.000000000000000000e+00
2.139526419331458807e+09 -6.040273543716035843e+09 -2.446014813260513306e+09 -2.930032117725211143e+09 7.506313273322957754e+07 1.136826810181668997e+09 6.087141973946728706e+08 4.677909300614685059e+09 5.216853491452049255e+09 -2.446014817242746830e+09 -9.777715872823138237e+08 5.590299878645513535e+09 1.757999401600642204e+09 1.502107588675685310e+10 -6.382162090967017174e+09 -3.911684037525182962e+08 -3.933071338777485371e+09 -6.040273543716035843e+09 0.000000000000000000e+00 0.000000000000000000e+00 0.000000000000000000e+00 6.947822536477758884e+08 0.000000000000000000e+00 0.000000000000000000e+00
3.819005450931590199e+08 -2.364360293686972618e+09 -4.239677750156759024e+08 1.772565977310146689e+08 1.518094900378140435e+07 -3.153307101122127175e+08 4.287224750755369663e+08 -8.351451457585543394e+07 4.510169214863231182e+08 -1.623259219497313261e+09 -2.572284833688532829e+09 -1.104999135712407589e+09 2.919371937000452876e+08 8.370883374840146303e+08 1.992729598727159798e+08 -3.989601340572021157e+07 7.570368735053759813e+08 -1.165068847687019825e+09 -3.473911268238879442e+08 -2.779129014591103554e+09 6.947822536477758884e+08 0.000000000000000000e+00 5.558258029182207108e+09 4.168693521886653900e+09
-2.086368162744902802e+10 3.658132174157390594e+10 2.092590393818232059e+09 3.339180048918666077e+10 -2.589480236694210768e+08 4.248931298201576233e+09 1.572700271938251734e+09 -1.516291749176120758e+08 1.123632498673859835e+09 8.021398401943270683e+09 -1.783766909673814297e+09 3.132413574470232773e+10 -7.343673957135153770e+09 -6.047940165116725159e+10 8.129351611653559685e+09 1.102847904087072849e+09 -2.312084209144816399e+09 -5.126668719546634674e+10 0.000000000000000000e+00 0.000000000000000000e+00 0.000000000000000000e+00 5.558258029182207108e+09 0.000000000000000000e+00 0.000000000000000000e+00
3.182166667585313320e+07 -2.090998339770534134e+10 -4.862762862863340378e+09 -9.256106621460805893e+09 1.294728186270363331e+08 -4.048395396653345585e+09 -7.789691425525295734e+08 -1.642506304153568029e+09 1.036112809758684540e+10 -4.862762662346525192e+09 1.888151809724646759e+10 -1.832770942542844772e+10 -6.044980823196487427e+09 -1.828747456529225540e+10 5.297778173300809860e+09 1.159253153272733927e+09 3.817534427062623978e+09 -2.090998339770534134e+10 0.000000000000000000e+00 0.000000000000000000e+00 0.000000000000000000e+00 4.168693521886653900e+09 0.000000000000000000e+00 0.000000000000000000e+00
