-1.153481953457266172e+03 -5.227367326452056204e+02 -4.840140951909750697e+02 -5.427008104131487016e+02 -5.610937546646575811e+02 -5.444248131428194029e+02 -5.720240435373663104e+02 -6.024177655980524833e+02 -5.768565692427326894e+02 -5.089885804444576820e+02 -5.206513103319391575e+02 -5.379135727717413147e+02 -5.702095433807629661e+02 -6.116805688811299433e+02 -5.321843887693222541e+02 -5.579810903064892500e+02 -5.005321191628459587e+02 -5.143494109962380207e+02 -2.613992707982552233e+01 -7.846866355130610771e+01 -2.954328297025947592e+01 2.464416384083413014e+00 2.174305068816306346e+02 -1.467911584652796364e+02
-5.227367326452056204e+02 -6.576629710549105994e+02 -3.697553940633285947e+02 -4.511725898027157200e+02 -4.827672484596369600e+02 -4.672082714340873508e+02 -5.035954471739045744e+02 -5.874421651767981984e+02 -5.325252762783968592e+02 -3.150141889349447410e+02 -4.379281694487374352e+02 -3.590043875777042786e+02 -5.226197809081536434e+02 -5.474710602005002329e+02 -4.373104594028599763e+02 -4.785631533720296602e+02 -3.718943605630099114e+02 -3.646552578790515895e+02 -3.096547905328080219e+01 -4.828317466205855624e+01 -3.034962805877078296e+01 3.844175161072153735e+00 1.574930186341636045e+02 -2.055021100800951501e+02
-4.840140951909750697e+02 -3.697553940633285947e+02 -5.105738141058449173e+02 -4.318202283435154527e+02 -4.677189404458407580e+02 -4.576422294414385306e+02 -4.907546344734983563e+02 -5.441669740587990418e+02 -5.002509806688432263e+02 -3.040984985734392581e+02 -3.687774134078316024e+02 -3.222447544953358260e+02 -4.903454606036632981e+02 -4.330104389745700360e+02 -4.244317150840005297e+02 -4.579764690316579845e+02 -4.192436601468413642e+02 -3.278956247966830801e+02 -1.154459221715076112e+01 -4.828317179886476396e+01 -3.036227197820080193e+01 8.698607059916970030e+00 1.574930195284200920e+02 -2.055021105272234081e+02
-5.427008104131487016e+02 -4.511725898027157200e+02 -4.318202283435154527e+02 -1.027025360965658138e+03 -5.280166374788573194e+02 -5.152430051652181646e+02 -5.444614332046410254e+02 -5.585159638754259959e+02 -5.428172178532141743e+02 -4.438854230585648111e+02 -4.897031142395281336e+02 -4.533895024511576821e+02 -5.426358944253232721e+02 -5.659982877511420156e+02 -5.030041859346137016e+02 -5.243315362772528943e+02 -4.825374791571857713e+02 -4.362736948398539312e+02 -2.452151974280512903e+01 -7.199503411938800923e+01 -2.954328221251546793e+01 3.273619882370147671e+00 2.692701121763076344e+02 -1.208966406258251709e+02
-5.610937546646575811e+02 -4.827672484596369600e+02 -4.677189404458407580e+02 -5.280166374788573194e+02 -1.094606122745646871e+03 -5.311328805442266230e+02 -5.620573434130446913e+02 -5.839970568004190454e+02 -5.634220775552635132e+02 -4.714206805478737579e+02 -4.998335235440071074e+02 -4.884723471261092982e+02 -5.614205122798667844e+02 -6.154203683004838012e+02 -5.203273213337982952e+02 -5.432909095505832511e+02 -4.958258893249172843e+02 -4.766426183537444672e+02 -2.188789892920163638e+01 -5.770377940624728552e+01 -3.288089106453864474e+01 3.193114956432451468e+00 2.100394678333945819e+02 -1.152882498318950297e+02
-5.444248131428194029e+02 -4.672082714340873508e+02 -4.576422294414385306e+02 -5.152430051652181646e+02 -5.311328805442266230e+02 -1.035552373848686557e+03 -5.445662383313713235e+02 -5.647594550499695742e+02 -5.461619739738241606e+02 -4.567095898666595417e+02 -4.927224098667693397e+02 -4.629768792102844372e+02 -5.475958969799600027e+02 -5.852961086300913394e+02 -5.079523349685806579e+02 -5.278979330410081729e+02 -4.887556828283791219e+02 -4.491231492631354740e+02 -2.128470497794142346e+01 -5.257414555815128665e+01 -2.631278933046201729e+01 3.071319052974221364e+00 1.915359888745030332e+02 -1.014504643517015268e+02
-5.720240435373663104e+02 -5.035954471739045744e+02 -4.907546344734983563e+02 -5.444614332046410254e+02 -5.620573434130446913e+02 -5.445662383313713235e+02 -1.147586816672878058e+03 -5.928439797870325947e+02 -5.705212533745049086e+02 -5.286890472609657081e+02 -4.948807822291118441e+02 -5.058123845451740408e+02 -5.784398691931146459e+02 -6.508019488840567419e+02 -5.388010486445215292e+02 -5.581901540445854835e+02 -5.136033680986555510e+02 -4.887218521736978118e+02 -1.966629760598913634e+01 -5.906041886758114856e+01 -3.601691244409586545e+01 3.678221818329625137e+00 2.174305068816306346e+02 -1.079746660109626220e+02
-6.024177655980524833e+02 -5.874421651767981984e+02 -5.441669740587990418e+02 -5.585159638754259959e+02 -5.839970568004190454e+02 -5.647594550499695742e+02 -5.928439797870325947e+02 -1.241365278544718649e+03 -5.877807840895442268e+02 -5.549917975866708275e+02 -5.629628715778825381e+02 -6.023892145247012877e+02 -5.861571816813719806e+02 -6.389524634560004870e+02 -5.649161678261024235e+02 -5.812635593419861380e+02 -5.364417545502324174e+02 -5.539849132142830967e+02 -3.063847914462195732e+01 -4.729432248295356800e+01 -3.304966775147056524e+01 3.389298857198149495e+00 1.722980702366259607e+02 -7.123920222054348983e+01
-5.768565692427326894e+02 -5.325252762783968592e+02 -5.002509806688432263e+02 -5.428172178532141743e+02 -5.634220775552635132e+02 -5.461619739738241606e+02 -5.705212533745049086e+02 -5.877807840895442268e+02 -1.147470743387892526e+03 -4.993309479710891878e+02 -5.286783539066959747e+02 -5.476894725973392042e+02 -5.751803827126969964e+02 -6.214564687067824025e+02 -5.306831790823896426e+02 -5.599850674307011786e+02 -5.150327922813028181e+02 -5.046918032178061253e+02 -2.613992707982552233e+01 -7.846866355130610771e+01 -2.954328297025947592e+01 3.273619975341554245e+00 2.951646360777141922e+02 -1.467911584652796364e+02
-5.089885804444576820e+02 -3.150141889349447410e+02 -3.040984985734392581e+02 -4.438854230585648111e+02 -4.714206805478737579e+02 -4.567095898666595417e+02 -5.286890472609657081e+02 -5.549917975866708275e+02 -4.993309479710891878e+02 -5.504530720338012770e+02 -4.055030765672543680e+02 -2.674276988689691734e+02 -4.958990573657728760e+02 -5.595024361916584894e+02 -4.364969097990498881e+02 -4.709596037070450620e+02 -3.782857447576178629e+02 -2.730785691703164275e+02 -3.743911028016937337e+01 -2.238865395941026648e+01 -1.741501305847355141e+01 7.080199694951062384e+00 5.391494817060211631e+01 -1.537130748483143918e+02
-5.206513103319391575e+02 -4.379281694487374352e+02 -3.687774134078316024e+02 -4.897031142395281336e+02 -4.998335235440071074e+02 -4.927224098667693397e+02 -4.948807822291118441e+02 -5.629628715778825381e+02 -5.286783539066959747e+02 -4.055030765672543680e+02 -9.328975088417194002e+02 -4.528941598129846966e+02 -5.076401849389202425e+02 -4.765101484270354035e+02 -4.799129226507760677e+02 -4.948930125667043285e+02 -4.399070660638124082e+02 -4.044772024032594118e+02 -3.063847903283990703e+01 -6.024157963568316632e+01 -2.657603883970502068e+01 3.389298746760796011e+00 2.240870988471077396e+02 -9.713371961286978262e+01
-5.379135727717413147e+02 -3.590043875777042786e+02 -3.222447544953358260e+02 -4.533895024511576821e+02 -4.884723471261092982e+02 -4.629768792102844372e+02 -5.058123845451740408e+02 -6.023892145247012877e+02 -5.476894725973392042e+02 -2.674276988689691734e+02 -4.528941598129846966e+02 -6.228863455591126694e+02 -5.183757078483250780e+02 -5.776028451811340574e+02 -4.460010262340477425e+02 -4.808068566546702414e+02 -3.868350756596479982e+02 -3.947776093938636564e+02 -3.096547905328080219e+01 -4.828317466205855624e+01 -3.034962805877078296e+01 4.653379046963868504e+00 1.574930186341636045e+02 -2.055021100800951501e+02
-5.702095433807629661e+02 -5.226197809081536434e+02 -4.903454606036632981e+02 -5.426358944253232721e+02 -5.614205122798667844e+02 -5.475958969799600027e+02 -5.784398691931146459e+02 -5.861571816813719806e+02 -5.751803827126969964e+02 -4.958990573657728760e+02 -5.076401849389202425e+02 -5.183757078483250780e+02 -1.149963348112717085e+03 -6.309844808288412423e+02 -5.418322877480934494e+02 -5.580623388290018738e+02 -5.263691174351700965e+02 -5.012598878616620937e+02 -2.290311234989370703e+01 -6.553404835539028284e+01 -2.954960407436658798e+01 2.869018227071484350e+00 2.433250248328671717e+02 -1.209219249865808905e+02
-6.116805688811299433e+02 -5.474710602005002329e+02 -4.330104389745700360e+02 -5.659982877511420156e+02 -6.154203683004838012e+02 -5.852961086300913394e+02 -6.508019488840567419e+02 -6.389524634560004870e+02 -6.214564687067824025e+02 -5.595024361916584894e+02 -4.765101484270354035e+02 -5.776028451811340574e+02 -6.309844808288412423e+02 -1.635704392650545969e+03 -5.715570457308225514e+02 -6.045593214221495373e+02 -5.269700738771589386e+02 -5.055859662763925257e+02 -5.685999877154230830e+01 -1.000722079249019885e+02 -5.624414623362604004e+01 7.080199694951062384e+00 3.646491516851006054e+02 -3.090801827792978429e+02
-5.321843887693222541e+02 -4.373104594028599763e+02 -4.244317150840005297e+02 -5.030041859346137016e+02 -5.203273213337982952e+02 -5.079523349685806579e+02 -5.388010486445215292e+02 -5.649161678261024235e+02 -5.306831790823896426e+02 -4.364969097990498881e+02 -4.799129226507760677e+02 -4.460010262340477425e+02 -5.418322877480934494e+02 -5.715570457308225514e+02 -9.881775729525635370e+02 -5.166552897620229032e+02 -4.792209170421609770e+02 -4.094643054364344152e+02 -1.966629760598913634e+01 -6.553404838333581495e+01 -2.954960408833935404e+01 2.869018132353483352e+00 2.433250187709151078e+02 -1.209219281293390225e+02
-5.579810903064892500e+02 -4.785631533720296602e+02 -4.579764690316579845e+02 -5.243315362772528943e+02 -5.432909095505832511e+02 -5.278979330410081729e+02 -5.581901540445854835e+02 -5.812635593419861380e+02 -5.599850674307011786e+02 -4.709596037070450620e+02 -4.948930125667043285e+02 -4.808068566546702414e+02 -5.580623388290018738e+02 -6.045593214221495373e+02 -5.166552897620229032e+02 -1.078936528880703236e+03 -4.939181757032591804e+02 -4.697380941459830979e+02 -2.168048830592940135e+01 -5.767548820189213643e+01 -3.282192811151141143e+01 3.148891002357343094e+00 2.093604412405782398e+02 -1.184751100130406485e+02
-5.005321191628459587e+02 -3.718943605630099114e+02 -4.192436601468413642e+02 -4.825374791571857713e+02 -4.958258893249172843e+02 -4.887556828283791219e+02 -5.136033680986555510e+02 -5.364417545502324174e+02 -5.150327922813028181e+02 -3.782857447576178629e+02 -4.399070660638124082e+02 -3.868350756596479982e+02 -5.263691174351700965e+02 -5.269700738771589386e+02 -4.792209170421609770e+02 -4.939181757032591804e+02 -8.785198162345038781e+02 -3.513653770019768672e+02 -2.416484962886730870e+01 -6.024158145857185787e+01 -3.304966775147057234e+01 1.770891385288079434e+00 2.240871061390991201e+02 -9.710843255670246776e+01
-5.143494109962380207e+02 -3.646552578790515895e+02 -3.278956247966830801e+02 -4.362736948398539312e+02 -4.766426183537444672e+02 -4.491231492631354740e+02 -4.887218521736978118e+02 -5.539849132142830967e+02 -5.046918032178061253e+02 -2.730785691703164275e+02 -4.044772024032594118e+02 -3.947776093938636564e+02 -5.012598878616620937e+02 -5.055859662763925257e+02 -4.094643054364344152e+02 -4.697380941459830979e+02 -3.513653770019768672e+02 -5.420634808740218205e+02 -1.154459210534141000e+01 -4.828317466205855624e+01 -3.034962805877078296e+01 3.844175161072153735e+00 1.574930186341636045e+02 -2.055021100800951501e+02
-2.613992707982552233e+01 -3.096547905328080219e+01 -1.154459221715076112e+01 -2.452151974280512903e+01 -2.188789892920163638e+01 -2.128470497794142346e+01 -1.966629760598913634e+01 -3.063847914462195732e+01 -2.613992707982552233e+01 -3.743911028016937337e+01 -3.063847903283990703e+01 -3.096547905328080219e+01 -2.290311234989370703e+01 -5.685999877154230830e+01 -1.966629760598913634e+01 -2.168048830592940135e+01 -2.416484962886730870e+01 -1.154459210534141000e+01 0.000000000000000000e+00 0.000000000000000000e+00 0.000000000000000000e+00 1.213805530723136572e+00 0.000000000000000000e+00 0.000000000000000000e+00
-7.846866355130610771e+01 -4.828317466205855624e+01 -4.828317179886476396e+01 -7.199503411938800923e+01 -5.770377940624728552e+01 -5.257414555815128665e+01 -5.906041886758114856e+01 -4.729432248295356800e+01 -7.846866355130610771e+01 -2.238865395941026648e+01 -6.024157963568316632e+01 -4.828317466205855624e+01 -6.553404835539028284e+01 -1.000722079249019885e+02 -6.553404838333581495e+01 -5.767548820189213643e+01 -6.024158145857185787e+01 -4.828317466205855624e+01 0.000000000000000000e+00 0.000000000000000000e+00 0.000000000000000000e+00 0.000000000000000000e+00 0.000000000000000000e+00 0.000000000000000000e+00
-2.954328297025947592e+01 -3.034962805877078296e+01 -3.036227197820080193e+01 -2.954328221251546793e+01 -3.288089106453864474e+01 -2.631278933046201729e+01 -3.601691244409586545e+01 -3.304966775147056524e+01 -2.954328297025947592e+01 -1.741501305847355141e+01 -2.657603883970502068e+01 -3.034962805877078296e+01 -2.954960407436658798e+01 -5.624414623362604004e+01 -2.954960408833935404e+01 -3.282192811151141143e+01 -3.304966775147057234e+01 -3.034962805877078296e+01 0.000000000000000000e+00 0.000000000000000000e+00 0.000000000000000000e+00 0.000000000000000000e+00 0.000000000000000000e+00 0.000000000000000000e+00
2.464416384083413014e+00 3.844175161072153735e+00 8.698607059916970030e+00 3.273619882370147671e+00 3.193114956432451468e+00 3.071319052974221364e+00 3.678221818329625137e+00 3.389298857198149495e+00 3.273619975341554245e+00 7.080199694951062384e+00 3.389298746760796011e+00 4.653379046963868504e+00 2.869018227071484350e+00 7.080199694951062384e+00 2.869018132353483352e+00 3.148891002357343094e+00 1.770891385288079434e+00 3.844175161072153735e+00 1.213805530723136572e+00 0.000000000000000000e+00 0.000000000000000000e+00 0.000000000000000000e+00 0.000000000000000000e+00 0.000000000000000000e+00
2.174305068816306346e+02 1.574930186341636045e+02 1.574930195284200920e+02 2.692701121763076344e+02 2.100394678333945819e+02 1.915359888745030332e+02 2.174305068816306346e+02 1.722980702366259607e+02 2.951646360777141922e+02 5.391494817060211631e+01 2.240870988471077396e+02 1.574930186341636045e+02 2.433250248328671717e+02 3.646491516851006054e+02 2.433250187709151078e+02 2.093604412405782398e+02 2.240871061390991201e+02 1.574930186341636045e+02 0.000000000000000000e+00 0.000000000000000000e+00 0.000000000000000000e+00 0.000000000000000000e+00 0.000000000000000000e+00 0.000000000000000000e+00
-1.467911584652796364e+02 -2.055021100800951501e+02 -2.055021105272234081e+02 -1.208966406258251709e+02 -1.152882498318950297e+02 -1.014504643517015268e+02 -1.079746660109626220e+02 -7.123920222054348983e+01 -1.467911584652796364e+02 -1.537130748483143918e+02 -9.713371961286978262e+01 -2.055021100800951501e+02 -1.209219249865808905e+02 -3.090801827792978429e+02 -1.209219281293390225e+02 -1.184751100130406485e+02 -9.710843255670246776e+01 -2.055021100800951501e+02 0.000000000000000000e+00 0.000000000000000000e+00 0.000000000000000000e+00 0.000000000000000000e+00 0.000000000000000000e+00 0.000000000000000000e+00
