-8.142621603399863467e+06 5.551244312448510900e+06 1.342871285915905843e+06 -1.961957308011376299e+05 -7.926140369141634554e+06 1.221859304601653712e+05 -4.215144919771486893e+06 -3.770057314222853631e+06 -1.563343357157134684e+06 2.564739918740431778e+06 -2.170937615346957929e+06 -6.378488507886999287e+03 9.463405274786687223e+05 -1.465151296077030245e+06 -1.871107794382270426e+06 1.822254407220920315e+06 -2.078928811672506388e+06 -7.308977173666984309e+05 -5.805943584208207903e+05 -4.912182389759378275e+05 -2.625259889783700462e+06 -9.468094266135971993e+05 5.699219149302798323e+05 -7.998539148232138250e+05 -1.360673852169963531e+06 -1.815407066817109007e+06 -1.793041073737781961e+06 1.854391341980414581e+05 -3.582421395735027036e+05 -1.549518634686379228e+06 3.850650171032159124e+05 3.440163839002988301e+06 -2.463143086342338938e+04 -6.316090385618252680e+06 -6.774626432779124298e+04 -4.311600231417044997e+05 4.515262393227897584e+06 -7.493743802283268888e+05 4.212652730157934129e+06 -7.567811248311595991e+06 -1.831560427410532720e+06 4.245268217370504513e+06 -9.280977946335198358e+06 8.320940970754210139e+05 8.300043404471992108e+04 1.019271409476099769e+06 -2.535349283922649920e+05 -4.016734328916823026e+06 -1.417844951036634855e+06 -1.315339319654070074e+06 -5.520641625256225467e+06 4.678666977726031095e+06 4.584410298892197316e+05 4.662256457362841815e+06 2.864658284140802920e+06 6.052450417074246070e+04 3.357801083431652747e+06 -3.236127698682246264e+06 1.039219552735566627e+06 3.005994990328335203e+06 3.551727729992269306e+05 -8.893475065752345836e+04 -1.269782464675692469e+07 3.596659745383988135e+06
5.551244312448510900e+06 1.067665550149083696e+07 -1.568653902310302109e+07 2.966435014932204504e+05 -8.903899183864369988e+06 1.426345944915094040e+07 7.842216485083567910e+06 -3.572507980018037371e+06 -7.554214883781422395e+05 2.698387464028279763e+06 -3.550609650331548415e+06 -7.221415093326888746e+05 -7.417901335053450894e+05 -2.045241972342307912e+06 4.483808764223635197e+06 9.675082847664494067e+06 6.475848808606278151e+06 -1.186746372932510823e+07 -1.180384779469604371e+06 -4.897075184026202187e+05 -7.093377274547080509e+06 -4.471792797245551832e+06 -4.121723995085923932e+06 -1.110777050536315073e+05 -1.383584859500859166e+06 -4.737939501327129547e+05 -1.348370497782999417e+06 -3.197787278458465589e+05 -5.855067847112946212e+06 -3.338537496054711752e+06 1.239318388228242286e+07 -4.367753754638356157e+06 2.497072181367515586e+05 -2.855673503857372794e+06 -3.751416038830084726e+05 -3.442456641752454743e+04 5.694429648819021881e+06 -7.155949323455282487e+06 8.717168116334190592e+06 2.236503466924534179e+06 3.586588685424425174e+06 -4.065671168442991562e+06 -1.043831411049300060e+07 4.721858877216180786e+06 -1.124324663414123701e+06 6.272088296197722666e+06 -2.464709362837686203e+06 8.905321400259722024e+06 2.726871619439684320e+06 -8.686028665202811360e+06 3.464257249789747410e+06 -1.026333791857814044e+07 2.501451119928918779e+06 7.950566743357250467e+06 -3.120193137255671434e+06 6.517007074900536099e+04 -2.572579956674395129e+06 -1.355215283927216008e+07 1.828270680870187003e+06 -8.004716943082124926e+05 -2.891969948558164295e+06 1.081994514175081393e+06 1.711050841781603172e+06 -4.872965699178257957e+06
1.342871285915905843e+06 -1.568653902310302109e+07 9.807004660766355693e+06 4.669217857421476394e+06 6.813076155246244743e+06 7.506673665458365344e+06 1.574369256270866375e+06 3.506241913690213580e+06 1.421110841434243135e+06 -8.301475506657751277e+06 1.031198407330238842e+06 1.398665078627751209e+07 1.039296932845217362e+07 -4.431824644930895418e+06 -1.261088518609683402e+07 -3.094148560629706481e+05 -1.041742307868686039e+06 1.989975357450739667e+07 -8.571732687325240113e+05 -6.613749745096769184e+05 1.623040648213109747e+07 -3.543731304969544522e+06 -3.643971062637367286e+05 -9.268373496250417084e+05 -1.677033265434910310e+06 -1.288157163055940298e+06 6.287451841732235625e+05 -2.359349440631739795e+07 -3.710473165641947649e+06 -2.455357299768952653e+06 -1.012274770753123239e+07 2.065799969112411141e+06 -7.302313880130245816e+05 4.506483800735713914e+06 -4.405612628797595389e+05 -4.132040149404380354e+05 -1.216139072634471208e+07 -4.400663639248805121e+06 1.669984990874133306e+06 -1.193964388092221133e+07 1.892757236400480906e+05 -1.832018112731834501e+07 -4.588710754883581772e+06 -4.388755512945640832e+06 5.309857351870638086e+05 2.078609725460137706e+06 7.111789960014513694e+06 8.911618685829038732e+05 1.507103799367681611e+06 -9.292205291489921510e+06 -9.365699617358837277e+06 -1.208021138197937608e+07 -2.387409885495437309e+06 2.103952434151930735e+07 -4.245487495602170005e+06 1.017719857230940397e+05 8.349840064632270951e+05 -1.431308207530125603e+07 3.580949196768445428e+06 -5.806624452307799831e+06 5.003389623496674467e+05 7.564644297690864187e+05 -3.325455077307886258e+07 -7.577395831513503566e+06
-1.961957308011376299e+05 2.966435014932204504e+05 4.669217857421476394e+06 -9.204085944338889094e+05 3.549006153587713838e+06 3.963618684068820905e+06 -1.230692995130254654e+06 1.205963177764825756e+06 -2.818473757381223841e+05 1.683512684381125495e+06 -5.810967743908702396e+05 1.879500015686947852e+06 -1.852045557419905905e+06 2.209707753248037305e+06 -1.025739439851568197e+06 6.213301352277623489e+06 -4.509410017230433878e+05 3.424848860349910334e+06 -8.449822439075877191e+05 1.464611912455476820e+06 1.960442653894694988e+06 -5.253040658898781985e+05 1.789084963420720887e+05 1.227750890418047085e+06 -1.192739307495832909e+05 5.880902586217254866e+05 5.574552590289298678e+05 -3.857101808791548014e+06 -2.573048985800187103e+06 -1.220289747287758510e+05 -2.100207008310521021e+06 8.573711311245094985e+05 -1.314037005770636955e+06 9.864789499836300965e+05 1.149273507088092156e+05 6.678176221955727669e+04 1.475735869413075503e+06 4.101563070751121268e+05 1.959011409838989610e+06 -8.391205652637642343e+05 -1.740628707552202046e+06 6.186082492912104353e+06 -8.371958524501638021e+04 -1.261840047676430549e+06 4.765940530394337111e+04 -3.629838987520549563e+05 2.885301387953408062e+06 7.810504786685759900e+05 -1.337454104809523560e+06 -9.583626868508504704e+06 3.701211384097019210e+06 -4.208393146526249126e+06 -2.286889182901884196e+05 -4.208098381015839055e+06 2.344474239154136740e+03 1.502037940581479597e+04 -1.868587796761730220e+06 -2.584972449996398762e+06 6.095441158911848906e+05 -7.805193790507679805e+05 2.550515797420274932e+06 -3.350759349234307301e+05 -4.883553054088789970e+06 3.492255104641362559e+06
-7.926140369141634554e+06 -8.903899183864369988e+06 6.813076155246244743e+06 3.549006153587713838e+06 2.235187395353938453e+06 1.055601053873134032e+07 9.491392555207354017e+05 1.778004802525755949e+05 -1.113343049720590934e+06 -1.902031624167634873e+06 -7.758181723493763711e+05 9.543032684849135112e+05 -1.233016354819712229e+06 -8.664912813904236536e+05 -4.869793261988997459e+06 -3.801513638762153219e+06 -7.875704745093394071e+06 5.553505920504134148e+06 -4.322863776991154067e+06 -5.586152139329368947e+04 6.083949226322154514e+06 -1.546088241976839304e+07 6.390440107039501891e+05 -1.049686416732406477e+06 -2.201831081427569501e+06 -5.685862904222421348e+05 -1.433564892273118952e+06 -6.756553987226707861e+06 -7.331919833597764373e+05 -7.902704172329629073e+05 3.358892680514941458e+06 -6.138932917540080845e+06 -4.589246449439499527e+06 7.976549639194913907e+05 -5.656133944615118671e+05 -4.811164753560876125e+05 -1.663302070093770046e+06 -2.389408276492039207e+06 -6.011709709541989723e+05 1.987991458401940996e+06 1.602942146494201617e+06 -5.709873556176887825e+06 -4.297461295148545876e+06 -2.232799070384258404e+06 5.976813195479447022e+05 2.929819036769841332e+06 5.933350827045269310e+06 -6.468270527832140215e+04 7.458590151946589351e+06 -3.285860680266379844e+06 -1.661057708958750404e+07 2.849379770109443460e+06 1.483340132579250727e+06 3.139298388961322606e+06 3.934559680074378848e+05 1.052361505607596628e+05 7.451597706563512795e+06 -8.742253958783876151e+06 4.792143784290827170e+04 -4.695600013625088613e+05 -9.235290013019047678e+06 5.868876557896023151e+05 -3.506845495083491784e+06 -2.986122606194628030e+07
1.221859304601653712e+05 1.426345944915094040e+07 7.506673665458365344e+06 3.963618684068820905e+06 1.055601053873134032e+07 1.406551570879484899e+07 4.796649862601311877e+06 8.955288929731424898e+06 9.703372077983297640e+05 4.419548572337392718e+06 4.009861386366711464e+06 1.243827691816881858e+07 1.154949987791898847e+07 -2.254321508630419150e+06 5.777678940852796659e+06 -1.072227355091244448e+06 -1.175509415522978827e+07 1.038710875041155145e+07 6.905913386018315330e+06 6.408194297857811674e+06 2.813228107847960666e+07 1.280210904191529937e+07 -3.165706656366695650e+06 3.109550895462298300e+06 2.708080957208320498e+06 3.840427371525695547e+06 4.271930582157194614e+06 7.452129631550170481e+06 -2.895506069360995200e+06 -2.886137818807345815e+06 -2.560149875292913057e+05 -1.068245222115071863e+07 6.331962773266432807e+06 2.363746428039922938e+07 9.146173736807313981e+05 8.806806173098559957e+05 2.831763484855714720e+06 -3.964901791463020258e+06 -2.678586981871295255e+06 6.846805509516296908e+06 -1.085059832612664904e+06 1.326914932258527726e+07 3.729115675748267211e+06 -1.370456370719137136e+06 -1.294738317323513096e+06 1.038652703036547638e+07 7.791592372757283039e+06 -1.382332914601056837e+06 6.323543819097205065e+06 4.543794795612057205e+05 -1.805000146560284868e+07 5.411979588407605886e+06 -3.232032989959619939e+06 3.796446741367651615e+06 4.148600105426339433e+06 1.506727288968615467e+05 1.766848442098073661e+06 -1.212348614543173835e+07 1.941597616453548195e+06 4.503616360463984311e+06 2.911415178450864740e+06 1.724561000833287835e+06 -1.141965469383076951e+07 9.867200747048638761e+06
-4.215144919771486893e+06 7.842216485083567910e+06 1.574369256270866375e+06 -1.230692995130254654e+06 9.491392555207354017e+05 4.796649862601311877e+06 1.907207894861237146e+06 -3.935618697091611102e+04 4.648856703900963767e+05 4.368196328631006181e+06 -5.489394645185213303e+05 2.870012907667454332e+06 -9.796115265420796350e+05 1.841390448905279860e+06 5.377291243001249386e+05 3.407790727899024729e+06 -7.468517535455347970e+06 9.613279092108937912e+05 1.497716349651154131e+06 2.519978722867093515e+06 -7.175077404011409963e+05 4.633471954373039305e+06 -5.751043287776911166e+05 6.912768598161342088e+05 -5.468724046973409131e+05 -6.410590102843631757e+05 -3.677785403254652629e+05 -1.496733369550784118e+06 2.255220808703310788e+06 8.388782750805723481e+05 3.244098768027044833e+06 3.516382675400708802e+06 -6.680431896013799123e+05 -7.553558876421686262e+06 -3.845725306972925900e+05 -1.710694281061851143e+02 1.908235876762877684e+06 9.210499024437840562e+05 3.322519525005149189e+06 4.656920507709011436e+06 -3.183519036475675181e+06 -6.394492094120335532e+05 5.895306839301492088e+06 3.252675283977542073e+06 -2.251831850926141487e+05 8.557374726533094654e+05 -3.075294304994881619e+06 1.740038846855181502e+06 -1.541462069007386453e+06 2.918519201137873344e+06 8.597099161624094471e+06 -4.717432807361303829e+06 -2.869680851211102679e+06 -2.340891096513116499e+05 1.038991217868682696e+06 -7.191835451320298307e+04 2.735924062819868326e+06 6.891011342062860727e+06 -1.811495828597049695e+06 2.574326054509250447e+06 -2.645983210180619732e+06 1.752720503297756659e+05 1.141609442119451798e+07 8.803751472263444215e+06
-3.770057314222853631e+06 -3.572507980018037371e+06 3.506241913690213580e+06 1.205963177764825756e+06 1.778004802525755949e+05 8.955288929731424898e+06 -3.935618697091611102e+04 -2.870033597500529140e+04 -5.507991115700923838e+05 -3.417870242274645250e+06 -3.334932289287402527e+05 -5.689707789660245180e+04 -2.039789644638295751e+06 2.522877059906812385e+06 2.245677625155012589e+06 -1.506871835244866088e+06 2.272368964003516361e+06 9.780259993817792274e+05 6.594638317816728959e+05 1.928296005832796684e+06 -2.528980137683391105e+06 -1.100160511856192723e+06 -2.133873302873746492e+06 1.749458721648906358e+06 9.269911861515569035e+04 2.645611279273019754e+05 4.426689798812514637e+05 -2.738761908632159699e+06 -3.818255312580469763e+05 6.733181948979371227e+05 -3.492218820804849965e+05 -1.560456485253366642e+06 2.505654152063846122e+05 -5.203910318760669790e+06 -1.054653477595640143e+05 -2.272550235288218537e+05 -4.774105896676451666e+05 1.177090349246582948e+06 1.090519016148085706e+06 6.024977456797176041e+06 -7.465804157554316334e+05 5.535288481265757233e+06 5.485520630625359714e+06 7.997162840005609905e+04 -6.283535499117836298e+04 6.088534338042428717e+05 3.486502725939232623e+05 3.000490103339327034e+05 9.699670674405004829e+05 3.194514225191541482e+06 2.599773994164786302e+06 3.119746775640937500e+06 8.876573259100092109e+05 -3.742421601852580905e+06 4.503107276508223265e+06 -1.445038900168739929e+04 6.023476853951230645e+06 -2.182762943279969040e+06 -6.410372350198964123e+05 -7.205636284757151268e+06 -1.354943799203931121e+05 -2.202044555991689267e+05 3.075392850744252279e+07 -1.724527043854268268e+07
-1.563343357157134684e+06 -7.554214883781422395e+05 1.421110841434243135e+06 -2.818473757381223841e+05 -1.113343049720590934e+06 9.703372077983297640e+05 4.648856703900963767e+05 -5.507991115700923838e+05 -7.915889931035717018e+05 -1.985551004475582391e+06 -1.146172789434613660e+06 -1.312141086453032214e+06 -4.653166371195344254e+06 2.057376199045852059e+06 -3.985444022628429811e+05 4.046713963069932070e+05 -7.835312725277647842e+05 -1.770760519624648849e+06 9.963057156402431428e+04 1.703743143127331277e+06 -8.322060452415905893e+05 -3.198481782166918274e+06 -7.015347406292761443e+05 -9.293407235230067745e+05 -5.480053919772650115e+05 -5.063613275595882442e+05 1.959522719055170892e+05 -1.196247786950847134e+06 1.096193854713490000e+06 7.820710014177451376e+04 -1.979667349515276495e+06 -4.555540634012194350e+05 -1.172478239636984188e+06 -1.001587067917158711e+06 -4.083245458439209324e+04 -1.298807019505083153e+05 1.761388082473621005e+06 2.163650411845937197e+05 6.828467899804319022e+05 2.220932637207641266e+06 -4.888703829325913102e+05 2.601065317485165782e+06 -3.912029405673675239e+06 5.522632706948025152e+05 -1.107254943884823151e+05 1.111193472589462181e+05 -2.086695912394177285e+05 8.391116128616712522e+05 7.279765335344173945e+04 9.049567678167943377e+05 1.537744553168981103e+06 1.005466885471721296e+06 -4.087805553284724592e+05 -4.776076752459852025e+06 8.592575351510024630e+05 3.418576894029242976e+04 1.727647996117872884e+06 3.096863463200421073e+06 -2.215375666318879812e+05 -1.236149683895340422e+06 6.055249212886835448e+05 -3.777533982404293056e+04 -4.248032504562187009e+06 -4.891189373948574066e+06
2.564739918740431778e+06 2.698387464028279763e+06 -8.301475506657751277e+06 1.683512684381125495e+06 -1.902031624167634873e+06 4.419548572337392718e+06 4.368196328631006181e+06 -3.417870242274645250e+06 -1.985551004475582391e+06 1.188640236158041656e+07 -3.933777493707512971e+06 8.146446560859163292e+05 -5.229227062410211191e+06 -4.001540630172926467e+05 -9.712664996875049546e+05 1.463108015508006327e+06 5.929450724756827112e+05 4.185764849999254220e+05 -2.594624459798621014e+06 1.360890996328935027e+06 -4.629698500922090607e+05 -2.164322474423933309e+06 -5.439279372239883058e+06 3.971995524341822602e+04 -1.889348747381209861e+06 -1.674504049494898878e+06 -1.887825138585792389e+06 1.938712576136047486e+06 -8.785769642655618954e+05 -5.720598877062610351e+06 -1.357869475706367288e+06 -3.579956379281287082e+06 -9.975998817556328140e+05 6.837208188541948795e+06 -7.346814711108872434e+05 -3.468059713900540373e+05 -2.516685931795819197e+06 8.828897664772910066e+05 4.540638738089309074e+06 -4.361858251423108391e+06 1.392491385655900231e+06 -2.071925631110858917e+07 -1.551148289137568697e+07 3.744948568683605641e+06 6.791616154186283238e+05 5.414211798702324741e+05 -1.934545961478191428e+06 -1.689101479621488368e+06 1.095293827512396034e+06 -1.415108670163407177e+07 -6.242659047080957331e+06 -1.456032139842166938e+07 6.395371677199341357e+05 6.213187067459998652e+06 1.036013015692709014e+06 -3.004734257322825215e+03 -1.028933218477772316e+05 -4.203416867386309430e+06 -4.338067751873147208e+05 3.148393921359496191e+06 -4.101216219743819674e+05 1.144929331383359153e+06 -1.256127121034611389e+07 3.768500901731110178e+06
-2.170937615346957929e+06 -3.550609650331548415e+06 1.031198407330238842e+06 -5.810967743908702396e+05 -7.758181723493763711e+05 4.009861386366711464e+06 -5.489394645185213303e+05 -3.334932289287402527e+05 -1.146172789434613660e+06 -3.933777493707512971e+06 -3.451490560536731035e+06 6.366581696196843404e+04 -2.061089805327796843e+06 7.768269707297452260e+05 -4.967563012884617783e+05 -3.822525584826427512e+05 7.483976764669434633e+05 -8.519976699195256224e+05 -9.548225134358229116e+04 8.396511595799881034e+05 -1.291055117383981124e+06 -1.683022724566557445e+05 -1.728907087077320553e+06 -9.805505861270097084e+05 -9.356890554702728987e+05 -6.821167058220057515e+05 -3.290666301436118083e+05 -6.809178375593465753e+05 -2.696373575821778737e+06 -1.130545457967592869e+06 -2.231426776363026351e+06 3.575412920211893506e+05 -1.800198867593090981e+05 -1.191284610189576633e+06 -9.991085321395392384e+03 1.611113544076312246e+04 -5.879921222250089049e+05 -2.000590108225923032e+05 5.616100400977785466e+05 -6.535044222315354273e+04 -3.247387251029412437e+04 9.877367947066579945e+05 2.216384267084042076e+06 1.657915854233850259e+05 1.553460066641762569e+04 8.024102210154689965e+04 3.897833852884405060e+05 -2.122052072934793774e+06 -6.346376849431090523e+05 -2.703267010522730649e+06 1.589311365151909122e+05 6.159066483674512710e+03 7.670219011444365606e+04 9.832935772159332410e+05 -4.242791483974430012e+05 -1.833475678132825487e+04 -5.894476656517741503e+04 -7.318047966855801642e+05 -2.556944780083347287e+05 4.816683972969406168e+05 -1.481124190350445861e+05 -6.966869245005256744e+03 -1.533750715418308973e+05 -3.188864900080726948e+05
-6.378488507886999287e+03 -7.221415093326888746e+05 1.398665078627751209e+07 1.879500015686947852e+06 9.543032684849135112e+05 1.243827691816881858e+07 2.870012907667454332e+06 -5.689707789660245180e+04 -1.312141086453032214e+06 8.146446560859163292e+05 6.366581696196843404e+04 -1.759109044234737009e+07 -1.250691027593923174e+07 3.120126065102275461e+06 8.411703815710403025e+06 1.470284908994775265e+06 -1.484292270213419572e+07 -3.348744532418714836e+06 -1.110043008441360202e+06 1.244664492405266734e+06 -5.490982040191671811e+06 1.676287924894064199e+05 -6.152668321098615415e+06 2.159815336198008619e+06 4.150879066034522839e+04 -2.234236044899560511e+04 2.011818677608437138e+05 2.293399722389156464e+06 4.155010902614629362e+06 4.051516011431321036e+06 6.383509981962965801e+06 -5.388765880239354447e+05 1.555114644828046206e+06 -1.416608697722943127e+07 -2.703544998273535020e+04 -4.360702004649336450e+05 5.440857917737406678e+06 3.045503434481366538e+06 9.590412267229054123e+05 6.683470489856394939e+06 7.170985441590279806e+05 1.175886100618918054e+07 1.696511885644149780e+07 -7.670323162695958745e+05 -4.397639607285524253e+05 -2.115307062510261312e+06 -4.153806702910760418e+06 -7.298809830956901424e+06 -6.670706602244108217e+04 1.433271499175991677e+07 1.007565669494268857e+07 1.452027321780123934e+07 -2.063349181913864100e+06 -1.045874637889945880e+07 8.255134327674780041e+06 1.338865292399656901e+05 1.759257611938995868e+07 7.411307766904588789e+06 -5.111494968439059332e+06 -2.320403009822822735e+07 -1.081701980900385976e+07 -2.379047157619100835e+04 9.252595820714887977e+07 -4.912569807949873060e+07
9.463405274786687223e+05 -7.417901335053450894e+05 1.039296932845217362e+07 -1.852045557419905905e+06 -1.233016354819712229e+06 1.154949987791898847e+07 -9.796115265420796350e+05 -2.039789644638295751e+06 -4.653166371195344254e+06 -5.229227062410211191e+06 -2.061089805327796843e+06 -1.250691027593923174e+07 2.315013816148960032e+06 1.705577236370705301e+06 8.474584970262235031e+06 -1.023305923541176692e+07 -1.420082218931651115e+07 -1.080965671483061463e+07 -3.455669672722730786e+06 -2.257580513442439027e+06 -2.741487031949075870e+06 6.544802392796684988e+06 6.745374051076732576e+04 2.179559171883147210e+06 -9.268580049091642722e+05 -9.009745343628400005e+05 -6.054807420584826032e+05 -1.050003660871473514e+07 5.464740000548780896e+06 1.979968117931236047e+06 1.708316886701857438e+05 7.115767671137670055e+06 3.709849759244107641e+06 -4.360530528469514102e+06 4.480151975021766266e+05 8.172947980897942325e+05 -7.340556877427333035e+06 8.010420331423102878e+06 1.593858207695909776e+06 2.561107243130945787e+07 -1.181693971575356647e+07 2.719665869570074975e+07 -1.033144035589923151e+06 8.721159980306884274e+06 9.932108372444634733e+04 1.302206693363498664e+06 -5.090722218296573497e+06 -1.298498788787400164e+07 -1.221558373988499492e+07 1.130604649290109240e+07 1.505645444203607365e+07 3.747345631676962227e+07 -6.931395058634812012e+06 -3.279268940885310993e+07 9.817186380510473624e+06 -2.054960734960340778e+04 8.516079592858601362e+06 2.933620412598849088e+07 -3.205450927604868077e+06 -8.143068008345057257e+06 -3.178979000170418061e+06 -1.783444153731958941e+05 2.877367766966472566e+07 -1.350762297637651116e+07
-1.465151296077030245e+06 -2.045241972342307912e+06 -4.431824644930895418e+06 2.209707753248037305e+06 -8.664912813904236536e+05 -2.254321508630419150e+06 1.841390448905279860e+06 2.522877059906812385e+06 2.057376199045852059e+06 -4.001540630172926467e+05 7.768269707297452260e+05 3.120126065102275461e+06 1.705577236370705301e+06 1.097777276446348801e+07 -1.800305578369751107e+06 -2.446512867121933959e+06 1.168795887261414714e+07 -1.183795889501321362e+06 -4.521793446787368739e+05 3.072897724057805724e+06 1.958592919874838088e+06 -3.562589394531653728e+06 1.322563530383549398e+06 1.208763610684259329e+06 1.569466673556802096e+06 8.653799545940320240e+05 1.042839209657571977e+06 3.013383026642142329e+06 -2.069038753318940289e+06 2.282240908324684482e+06 -1.647413030987991719e+06 8.690445139796946896e+05 2.265387357382039540e+06 2.666532705041676760e+06 -3.256023055101610953e+04 -1.939331581336228410e+05 -1.819812794972191798e+06 1.473267244908306049e+06 4.273553494231635705e+06 -2.442136890400083736e+06 -2.210455204716865439e+06 -1.665565022072243690e+07 -1.645930024525636621e+07 4.121439349065952469e+06 -1.287773626702529436e+05 7.532581627340740524e+05 -7.603510758916364284e+05 3.904601386821706314e+06 2.800632094531272887e+05 -1.063447224418460578e+07 -5.185840350050363690e+06 -1.611550897749011032e+07 -1.572693994877851103e+06 1.376083407412579469e+07 -1.452753768396610860e+06 -5.212918656200400437e+04 -3.472512337238057051e+06 4.104326581609023269e+06 1.379822840734289261e+06 7.400364783167356625e+06 2.871206772214197554e+06 1.592634822271922021e+05 -6.837440126217606012e+05 9.583126115990495309e+06
-1.871107794382270426e+06 4.483808764223635197e+06 -1.261088518609683402e+07 -1.025739439851568197e+06 -4.869793261988997459e+06 5.777678940852796659e+06 5.377291243001249386e+05 2.245677625155012589e+06 -3.985444022628429811e+05 -9.712664996875049546e+05 -4.967563012884617783e+05 8.411703815710403025e+06 8.474584970262235031e+06 -1.800305578369751107e+06 -2.027044161751554906e+07 -1.604065864820268005e+06 8.033299078450492583e+06 6.750791116096528247e+06 -2.926932826405533124e+05 1.277882470382795902e+06 6.027331615632576868e+06 -1.352801416799329408e+07 -1.524103548927843338e+06 -5.642783104347083718e+05 8.212161949585160473e+05 4.469053459938720334e+04 1.011966492119825445e+06 -1.414672206657878123e+05 -2.612497861648078077e+06 -1.186351960701019503e+06 1.876599952715086052e+06 -3.928024841884214431e+06 -4.009813394029322080e+04 1.477900649617079645e+07 -5.621719988814437238e+04 -1.663119078965580848e+05 3.889045146053317934e+06 -5.511406058913714252e+06 -1.611683915114652773e+05 -7.416504711394841783e+06 3.842552306370999664e+06 -1.731578508936874196e+07 -5.877611065233323723e+06 -2.012090725012794603e+06 -5.068433272643780801e+05 -2.672820807812811807e+06 -2.442346492039624718e+05 3.157353094871050678e+06 4.435743411415315233e+06 -9.083861596944365650e+06 -9.491047616877639666e+06 -1.553377418743170984e+07 3.495687545592164621e+06 2.030998725757674128e+07 -8.430046992045210674e+06 -2.173602791045504273e+04 -1.489321068500979058e+07 -1.202462089565259404e+07 4.171966239578026347e+06 1.168306744442769140e+07 -1.140447628921224736e+06 4.094326753068520920e+05 -4.060675012689040601e+07 1.209095421407357417e+07
1.822254407220920315e+06 9.675082847664494067e+06 -3.094148560629706481e+05 6.213301352277623489e+06 -3.801513638762153219e+06 -1.072227355091244448e+06 3.407790727899024729e+06 -1.506871835244866088e+06 4.046713963069932070e+05 1.463108015508006327e+06 -3.822525584826427512e+05 1.470284908994775265e+06 -1.023305923541176692e+07 -2.446512867121933959e+06 -1.604065864820268005e+06 -4.674620233483972028e+06 -1.477779947504265048e+07 -4.177432536237535067e+06 1.152341944124903064e+06 1.899400980327561265e+06 -7.578903866790458560e+06 2.179178561827037949e+06 5.135650743316132575e+05 2.407443973861507606e+06 -2.221933194196182303e+06 -5.751724957568510436e+05 1.198704156083238078e+06 -7.723806371916755103e+06 -2.842595783725386020e+06 -2.945452070980140124e+05 2.253911367154099979e+06 2.457779975640509743e+06 2.906767462187437806e+06 1.321958016887851991e+07 -6.931120186071282951e+05 -3.046564454047798063e+05 -2.425701595649359748e+06 -1.900936676796824438e+06 -3.260390265455534682e+05 5.559490716175906360e+06 2.344733052713551559e+06 -6.463696799818710424e+06 -1.743659916743845213e+06 4.314895994680181146e+06 -3.303302483243065071e+05 2.586623606326080393e+06 -2.276713713795429096e+06 6.786438851808574691e+04 -5.123917414720024681e+04 -3.348132080199292395e+06 -1.901809612475400092e+06 1.369152803622909822e+06 2.072658485855106730e+06 -2.186904574514366221e+06 -7.548788137730715796e+06 -6.023194088308760547e+04 -1.000913582878983207e+07 -2.670554445371039910e+05 2.190055160438643303e+06 -5.970173196244531311e+06 3.974482697671040427e+06 9.751096491826426936e+05 -3.113480240824951977e+07 1.019984369438927807e+07
-2.078928811672506388e+06 6.475848808606278151e+06 -1.041742307868686039e+06 -4.509410017230433878e+05 -7.875704745093394071e+06 -1.175509415522978827e+07 -7.468517535455347970e+06 2.272368964003516361e+06 -7.835312725277647842e+05 5.929450724756827112e+05 7.483976764669434633e+05 -1.484292270213419572e+07 -1.420082218931651115e+07 1.168795887261414714e+07 8.033299078450492583e+06 -1.477779947504265048e+07 3.486848881584983319e+07 -1.340823119127442315e+07 1.564186554915314540e+06 -4.437770402793645859e+06 3.583394469460742548e+06 1.019010110906165838e+07 1.166672747605466284e+06 -3.052768613218862563e+06 6.984977445988227846e+05 5.763078045002418803e+05 1.312816999899690738e+06 1.169961962523888052e+07 7.257172047328283079e+06 5.788956446686933748e+06 2.024908988153391331e+07 -8.113128937386114150e+06 6.972960775335929357e+06 2.983288415568636730e+06 4.231744517804372590e+05 1.130812554839087534e+05 7.818946290965801105e+06 7.316860060505173169e+06 7.678148414968191646e+06 2.367477994061439112e+07 -5.559664331800851971e+06 8.443126628730347380e+06 8.366785237828282639e+06 3.824676451405999251e+06 -1.541291960040962789e+06 -3.784150585440102965e+06 -7.337044293412145227e+06 -4.174083789207641967e+06 -3.841570800265444443e+06 5.825791531074236147e+06 1.924382110640605167e+07 -5.867753740023715422e+06 -1.687089070135691203e+06 -2.139136235596675426e+06 3.216969274613166228e+06 1.052547146500831004e+05 9.401154878481321037e+06 1.022319460346479528e+07 -3.322653318812928628e+06 2.214696252591202408e+07 1.748584839795223996e+07 -1.503308706783727510e+06 2.090193377148599178e+07 5.300283528230497241e+07
-7.308977173666984309e+05 -1.186746372932510823e+07 1.989975357450739667e+07 3.424848860349910334e+06 5.553505920504134148e+06 1.038710875041155145e+07 9.613279092108937912e+05 9.780259993817792274e+05 -1.770760519624648849e+06 4.185764849999254220e+05 -8.519976699195256224e+05 -3.348744532418714836e+06 -1.080965671483061463e+07 -1.183795889501321362e+06 6.750791116096528247e+06 -4.177432536237535067e+06 -1.340823119127442315e+07 -1.933164138339732587e+07 -8.583554707699462306e+05 -4.037240321693315171e+06 -7.222374435405319557e+06 6.824727359847741202e+06 3.897512597302239388e+06 -1.519480072616534075e+06 -1.365464858525473857e+06 -5.269603037464971421e+05 -8.624681174674096983e+05 -2.384718570963210892e+06 7.525660479771960527e+06 -2.931370073035947978e+06 -1.788177623885574518e+06 9.663266990374172106e+06 -9.765103627655433957e+05 -1.593631931465124339e+07 -1.173310449111208785e+06 4.277416069886045298e+05 -1.542721795373560395e+06 6.946562986630774103e+06 -4.418502822397169657e+06 2.392131509256573766e+07 -5.466154885760814883e+06 2.498784267076524347e+07 1.274890095675086603e+07 -1.055339941734235734e+06 1.182652471437685192e+06 5.363781375037557445e+05 -5.332116098215154372e+06 -1.833964764859472215e+07 -7.273359401756323874e+06 1.710168815458171070e+07 1.337704259790742584e+07 3.260313634192932397e+07 -6.328602070678847842e+06 -3.014972730550007522e+07 5.425561944160802290e+06 -1.368741705897735665e+05 7.191861749033693224e+06 2.586818724088369682e+07 -9.873466263563372195e+06 -2.010974628895350918e+07 -2.668603302403665148e+06 -1.597425495632134844e+05 2.466308418864464760e+07 -1.091436285805667378e+07
-5.805943584208207903e+05 -1.180384779469604371e+06 -8.571732687325240113e+05 -8.449822439075877191e+05 -4.322863776991154067e+06 6.905913386018315330e+06 1.497716349651154131e+06 6.594638317816728959e+05 9.963057156402431428e+04 -2.594624459798621014e+06 -9.548225134358229116e+04 -1.110043008441360202e+06 -3.455669672722730786e+06 -4.521793446787368739e+05 -2.926932826405533124e+05 1.152341944124903064e+06 1.564186554915314540e+06 -8.583554707699462306e+05 2.884038561570866965e+06 3.174056405365489889e+06 4.968237393101317575e+05 1.542789168799231993e+06 -1.823264238259441219e+06 1.187361571073089726e+06 2.405625434137114207e+05 -3.542101870367594529e+04 7.305079486738835694e+05 2.098451730060983915e+06 9.250980809878248256e+05 9.132379357784012100e+05 -6.486001602952260291e+05 1.150995438550779363e+06 1.558394640093774535e+06 -2.542826137748206966e+06 -2.342500306442650326e+05 -3.255979755583370570e+04 1.312238276282954961e+06 -1.014148561329809600e+05 -3.529063178202684503e+05 2.511299931567019783e+06 7.852710976386056282e+05 -2.922736716799627058e+06 -3.814212040999450255e+06 2.072881201837190310e+05 1.648130725742205104e+05 -3.563424634699276648e+05 -6.255328505497169681e+04 1.122363440921615344e+06 3.474042263983412413e+05 -3.038209914460324682e+06 4.348272530145330355e+06 -2.763643631751333363e+06 4.717747878505900153e+05 -5.434061743507429492e+04 2.108851044803951401e+06 -2.663666821433975565e+04 3.193254836500165984e+05 4.113299100490363780e+05 4.926907617480907356e+04 -6.779166645932933316e+05 3.403042971362753888e+05 -2.938478228324320517e+05 1.563088515342846513e+06 -2.963038132417062297e+04
-4.912182389759378275e+05 -4.897075184026202187e+05 -6.613749745096769184e+05 1.464611912455476820e+06 -5.586152139329368947e+04 6.408194297857811674e+06 2.519978722867093515e+06 1.928296005832796684e+06 1.703743143127331277e+06 1.360890996328935027e+06 8.396511595799881034e+05 1.244664492405266734e+06 -2.257580513442439027e+06 3.072897724057805724e+06 1.277882470382795902e+06 1.899400980327561265e+06 -4.437770402793645859e+06 -4.037240321693315171e+06 3.174056405365489889e+06 6.225398236378971487e+06 -7.243925217287535779e+05 5.949012668524376117e+06 8.181659036762337200e+05 2.555197475368581712e+06 8.847643714829017408e+05 1.575313212428059196e+06 1.102355822147064377e+06 4.414226636153307743e+06 -2.293255274755785940e+05 1.032010390138378949e+06 2.477059343341377098e+06 4.694322846864989959e+06 1.472400247085168492e+06 2.998849825763055589e+06 -1.710740008096946403e+05 -1.917537597587947384e+05 5.941355281157304998e+05 1.518890250998161733e+06 4.375501734147980460e+05 2.436098061401276849e+06 -9.465341751891269814e+04 5.999276661479509436e+06 -4.402194095378743485e+06 1.391969880914916284e+06 -2.641423495032874052e+05 -1.726704292302271060e+05 -1.899312920590325724e+06 -5.567281291070102714e+06 5.285003223484400660e+05 7.495647091370055452e+06 1.480255185954950983e+06 4.900872761710420251e+06 -1.214343370311961044e+06 -3.955920548012109008e+06 -3.060705501098958775e+05 2.053665900013849750e+04 1.058751047737354878e+06 4.814818871469054371e+06 2.840063810676967842e+05 -8.105590791300502606e+05 6.983309640637087869e+05 4.017332029520609067e+05 3.259943474195419811e+06 2.010959541045485996e+06
-2.625259889783700462e+06 -7.093377274547080509e+06 1.623040648213109747e+07 1.960442653894694988e+06 6.083949226322154514e+06 2.813228107847960666e+07 -7.175077404011409963e+05 -2.528980137683391105e+06 -8.322060452415905893e+05 -4.629698500922090607e+05 -1.291055117383981124e+06 -5.490982040191671811e+06 -2.741487031949075870e+06 1.958592919874838088e+06 6.027331615632576868e+06 -7.578903866790458560e+06 3.583394469460742548e+06 -7.222374435405319557e+06 4.968237393101317575e+05 -7.243925217287535779e+05 -9.030058800847144797e+06 2.128442527890850604e+07 -6.790241640297717415e+06 1.192464838475533994e+06 -1.049272168976625428e+06 -1.128014669621892273e+06 -1.436766304003710393e+06 6.599745840342022479e+06 6.996443523079879582e+06 -2.305598446313948371e+06 4.385296847117547877e+06 9.125263588624591008e+06 -2.848766955530469306e+06 -3.071821807785594463e+07 -3.676069878715111554e+04 3.826754252578095766e+05 2.976673608725701459e+06 5.479867083602502011e+06 1.466702721028586384e+05 3.341293984727938101e+07 -8.053305324746061116e+06 -4.828881922847444192e+06 1.639318260986768454e+07 9.983285817918948829e+06 2.166164635353352060e+05 2.594298847197528929e+06 -9.451861906404640526e+06 -5.885665511577279307e+06 -8.465635755290212110e+06 2.751359350765136629e+07 -5.087138191227444448e+06 1.790924362396136299e+07 -2.101671389884751290e+06 2.830650517873518984e+05 9.143753756471393630e+06 -5.562951666586636566e+04 1.574928224219689704e+07 9.007897459893252701e+06 -4.388119009192806669e+06 -1.604865847883348726e+07 -1.034256636517962813e+07 -7.074487626415811246e+05 6.460424313798934221e+07 -3.294233004372787103e+07
-9.468094266135971993e+05 -4.471792797245551832e+06 -3.543731304969544522e+06 -5.253040658898781985e+05 -1.546088241976839304e+07 1.280210904191529937e+07 4.633471954373039305e+06 -1.100160511856192723e+06 -3.198481782166918274e+06 -2.164322474423933309e+06 -1.683022724566557445e+05 1.676287924894064199e+05 6.544802392796684988e+06 -3.562589394531653728e+06 -1.352801416799329408e+07 2.179178561827037949e+06 1.019010110906165838e+07 6.824727359847741202e+06 1.542789168799231993e+06 5.949012668524376117e+06 2.128442527890850604e+07 -1.354152544427344948e+07 -1.836815295899383258e+06 -1.713390738212339580e+06 -2.097787770944575779e+06 -3.173163455727633089e+06 -5.021650122832056368e+05 4.380784312082989141e+06 -2.424346180709315464e+06 5.566759448283825768e+05 -1.374258167598983739e+06 -3.143938369658936746e+06 -2.207400687471481040e+06 2.914083298471923918e+06 7.028181342682984541e+04 -2.830292078825300268e+04 -1.220055818613071926e+06 -5.281615665011963574e+04 2.900080070575192804e+05 -8.900190403487784788e+06 -1.906279922693115077e+05 -4.869545793797040824e+04 -1.320311861620286293e+07 -1.040049589144367725e+07 -1.771174024146644631e+06 3.297118739904526155e+06 1.042002911676939018e+07 8.190712456632115878e+06 -1.269088685732647311e+06 -1.175995905868829228e+07 -5.040198147720310837e+06 -5.752892586971188895e+06 -1.408196953582760179e+05 8.857704889752533287e+06 -6.053869080262158066e+06 -9.376721218215108092e+04 -5.762100306323226541e+06 -7.018771776075561065e+05 5.541672719514511526e+06 -2.845071722719456535e+06 -1.033690466003137454e+07 1.574696674696340924e+06 -4.435457913621244580e+07 1.638185746704911627e+07
5.699219149302798323e+05 -4.121723995085923932e+06 -3.643971062637367286e+05 1.789084963420720887e+05 6.390440107039501891e+05 -3.165706656366695650e+06 -5.751043287776911166e+05 -2.133873302873746492e+06 -7.015347406292761443e+05 -5.439279372239883058e+06 -1.728907087077320553e+06 -6.152668321098615415e+06 6.745374051076732576e+04 1.322563530383549398e+06 -1.524103548927843338e+06 5.135650743316132575e+05 1.166672747605466284e+06 3.897512597302239388e+06 -1.823264238259441219e+06 8.181659036762337200e+05 -6.790241640297717415e+06 -1.836815295899383258e+06 -5.647030030540938489e+06 -2.040492741161630489e+06 -1.222491835727535654e+06 -1.301324409864849877e+06 -1.662836116280993447e+05 -4.924171624760575593e+06 -9.044326384779415093e+05 -2.201629354859119281e+06 -3.808925600819235202e+06 -6.254324906782332808e+06 -3.431528866840346716e+06 2.414777410078694113e+06 -4.082093620138291735e+05 9.429679192559426883e+04 4.181461498924255371e+06 -3.253922030079961289e+06 2.112424671395728365e+06 6.312426593670845032e+06 4.114011221406120458e+05 -5.151905649470210075e+06 -1.359333522361336648e+07 6.102708029146670597e+05 3.336368307983166305e+05 4.637917796460131067e+05 1.794870442801568191e+06 1.242321472282052273e+06 -2.616465147235168843e+05 3.737404188096601516e+06 -3.727064397470790893e+06 -4.008808370680292137e+06 1.509771246082272846e+06 2.845197620177981444e+06 -1.758147008351088967e+06 6.042269268817992997e+04 -3.995462726224665996e+06 -1.688935912116809981e+06 -1.326306808579749428e+06 1.827883588579490315e+06 9.076933018884375924e+05 -1.753541695446546510e+04 -1.015675870903545991e+07 -6.096326975124304881e+05
-7.998539148232138250e+05 -1.110777050536315073e+05 -9.268373496250417084e+05 1.227750890418047085e+06 -1.049686416732406477e+06 3.109550895462298300e+06 6.912768598161342088e+05 1.749458721648906358e+06 -9.293407235230067745e+05 3.971995524341822602e+04 -9.805505861270097084e+05 2.159815336198008619e+06 2.179559171883147210e+06 1.208763610684259329e+06 -5.642783104347083718e+05 2.407443973861507606e+06 -3.052768613218862563e+06 -1.519480072616534075e+06 1.187361571073089726e+06 2.555197475368581712e+06 1.192464838475533994e+06 -1.713390738212339580e+06 -2.040492741161630489e+06 -2.315243794652574696e+06 8.657250576246553101e+04 -1.236070355616684537e+05 3.271025618014634820e+05 1.715334349707442452e+05 -4.008271396047205199e+05 2.473480966611978656e+05 -2.070061313112575561e+06 1.737457942686659284e+06 8.705440957082689274e+05 2.292788037847425789e+06 -1.968348388961353921e+05 7.810405761715002882e+04 -1.302262421044699848e+06 -4.863155190590050770e+05 -2.328487686642615125e+06 -4.655880893951476552e+06 1.580565822574955528e+05 3.720746350788284093e+06 -1.114777203143048473e+07 6.312330093626086600e+05 2.963549864858883666e+03 1.240956528234929312e+06 1.404427786360225175e+06 -4.496213570427540690e+05 -1.219500691380318254e+06 7.496501087959983852e+05 -1.249477697893730830e+06 -6.701131229951225687e+05 1.462677814251856180e+05 7.375879272052551387e+05 -2.485548822798438370e+06 -7.569646365975361550e+04 -4.346864561178518459e+06 -3.277005922801090404e+06 1.555363854074050440e+06 5.756889005655723624e+06 7.938698363483430585e+05 1.130743276495617320e+05 -1.875103225902951509e+07 8.993941468374622054e+05
