2.558161911099321878e+04 3.624733131544969510e+05 1.569475262870232109e+05 -4.506479497325621778e+05 6.774446991603280185e+04 -4.196368541569927766e+04 5.793573412258966709e+04 -1.359517072888561815e+05 7.823447309581241279e+04 2.968016424238327891e+05 3.447934074783187825e+05 9.705271672690966807e+04 3.132070549187948345e+05 -3.491733797205886367e+04 1.944401759450668178e+05 2.467204668898059463e+05 -1.563951361618431292e+04 -1.139479681826227170e+04 -2.327718739698318532e+05 3.678849920412409119e+05 -3.449625127952408366e+04 1.247577458639544420e+04 -2.276662451423654566e+05 -4.550029060244146967e+04 2.088990115717234730e+05 -1.065219414058603870e+05 1.146176219612660207e+05 -1.245297670668427600e+05 -2.932026373707095627e+05 -8.874311855803100625e+05 -2.070118387055745552e+04 3.876967637437229860e+04 -3.752753958954764676e+04 -4.499334324782165932e+05 1.215934661759842274e+05 1.549874649910722219e+05 4.821847630474151811e+05 1.879832495873273001e+04 -1.378513505492405093e+05 -1.077201192470920505e+05 -9.703389742216112791e+04 5.502151445043915883e+05 2.088309650420928665e+04 -1.796243700160937442e+05 3.795164560788872186e+05 3.649250322748277686e+05 -1.554801589046609588e+05 -1.412045986900756907e+04 2.992141462966134713e+04 -1.925148778686665537e+04 -4.694256748290278483e+04 -2.688836447314977413e+05 -1.616498942053951614e+05 -1.393996393382223323e+04 -3.640690344097227789e+05 -4.507500269925610046e+05 -4.606392347169476852e+04 2.293549081496068393e+05 -3.723271690725190274e+04 9.119049967281281715e+04 -1.820213375028252485e+05 7.864729684309317963e+04 -1.144714400006317883e+05 -1.824194335588490940e+05 7.676276799178881629e+04 -1.240130429851499386e+06 -1.607535867155955173e+06 -3.448541803089236055e+04 -3.142880922050533627e+04 -3.363067932387489127e+05 2.099602688898417982e+05 3.864250534600925166e+05 1.939848841783451207e+05 -1.154714924873326439e+06 -6.507616579556867946e+05 -1.284157565551448381e+06 5.605760306881992437e+04 8.617710024930656655e+05 3.991613403794348415e+03 5.002539867328639957e+03 1.229707904842159769e+04 -8.307599483853278216e+05 1.523149823628268205e+05 -1.778969107142413850e+05 3.186489293066298706e+05 -3.013869939437064022e+04 -7.138969807722258847e+05 5.850321678992501693e+05
3.624733131544969510e+05 -7.592554079830073752e+05 1.744379890285432106e+06 -1.310203673464061227e+06 2.057679447415566829e+05 -3.727510563979977160e+05 7.309692854533523787e+05 -1.116819138763715513e+06 6.714281950040056836e+05 -1.540521023697360652e+06 8.171617587081898237e+05 1.862732972601250804e+05 -6.702684168256113771e+05 1.837783102548425668e+05 -3.224228226538352901e+05 7.250089291187422350e+05 8.884400165724304679e+04 2.576099239019608649e+04 2.377210917361067142e+06 -1.946736604987720493e+06 -3.425044966967325890e+05 -8.796240290970794158e+05 -1.476378231482485309e+06 2.845947200949880062e+05 1.419600040457908297e+06 -3.353433217919748742e+06 1.362323791303155944e+06 5.915883946359419497e+05 6.792933159455738496e+05 4.715496078944181092e+06 -5.226890923015029985e+05 -2.832656942375961444e+04 -1.618070391500099213e+05 -5.436294509439110989e+05 1.804355135300837283e+05 2.083781407485109987e+06 -2.082295311225052224e+06 -6.707571196330153616e+05 2.427008176424245350e+06 8.984417876009950414e+05 -1.908807678591569886e+06 -8.402972691723509924e+05 6.592818698275911156e+05 -5.653900028709988110e+05 -1.757666035801714170e+05 1.838679664145604707e+06 -3.954266436130012153e+05 4.270022691522393725e+05 2.349705932830376551e+05 -3.931440910614041786e+04 -5.155758978237893461e+04 6.380668731060199207e+05 -7.141654161575449689e+04 8.334704457868828904e+05 -2.094701501084463438e+06 2.699144293399173766e+05 3.810618205382804736e+05 -1.280589614288802724e+06 3.507350746357793105e+05 3.146462724280831753e+05 -1.893142895156806917e+05 1.141827189707101788e+06 -1.077934060022965306e+06 5.236096925437357859e+05 9.942167013024061453e+05 2.727634686360518390e+04 1.686112239510023501e+06 1.371969853821164230e+06 -3.502936458959559677e+05 -1.308290845727328851e+05 1.578715875694197137e+06 -4.008115812984792865e+04 -7.742861940972340526e+05 7.600739244678649120e+05 3.790181122897555178e+04 1.344614769668088760e+06 1.378030845824201126e+06 -3.943989825775152538e+06 1.987080783303665812e+05 4.862967164830769761e+05 2.779901689251849428e+06 -1.335055875950821210e+06 3.676459267156129499e+04 -3.190397833281775471e+06 -1.337058069001176045e+04 -2.113753642507246113e+05 4.638940715620387346e+06 -5.322514469759660773e+06
1.569475262870232109e+05 1.744379890285432106e+06 1.286841348595751682e+06 1.040080420802118722e+06 3.070235866921217530e+05 5.909399091141856043e+05 -2.009587224034863175e+05 5.993419607560407603e+05 1.448466984833019087e+06 1.435326264428951312e+06 5.994888272117772140e+05 4.326383293144685449e+05 5.642704288824589457e+05 1.115076968312791781e+06 2.522426003614723450e+05 1.064807600880939746e+06 1.016548786294788442e+05 6.703320376374670304e+05 -1.346702989690424176e+06 9.336265117333009839e+05 9.032485202053982066e+05 4.921212963804225437e+05 9.808156547917884309e+05 -2.247858309658827056e+04 1.908397525107217953e+05 3.524079707006048411e+05 -1.200798715599613963e+06 -7.048266001227147644e+05 4.924460059146807762e+05 -3.370049667052917182e+06 4.477043677265687147e+05 -1.866160782073865266e+04 3.562887386735823238e+05 -1.769714700707098818e+05 3.199622705105697969e+05 7.435583844719280023e+05 1.152262653879495338e+06 6.167247118134420598e+05 -1.224433356000380823e+06 1.352966584595568129e+05 -6.348455241843147087e+04 5.177646175080273533e+05 -1.763425672704239551e+05 6.174081792191384593e+05 2.135965256377412006e+06 -3.012805914117225911e+05 1.174242611742186127e+05 3.622691951575394487e+05 2.346699251129670592e+05 1.518166364367023343e+05 2.830657174930290203e+05 1.729413276991007850e+06 -1.358952693804851966e+06 6.936834202351742715e+04 -9.235244210516745225e+05 -9.250949178488602629e+05 -4.203428576070157578e+05 2.653643034118695650e+05 -1.969688496545499656e+05 -1.258087209475129930e+05 -7.247070427608188475e+05 -4.480245217470438220e+05 1.022368500215049484e+06 1.350814658440653700e+06 9.329931738903152291e+05 -2.063175640124581056e+06 -1.089641219529392256e+05 -1.148156730944463488e+05 4.135799023857304128e+05 8.202463726081427885e+05 6.435974601551740197e+05 1.083129704825343564e+06 1.049604161657035118e+06 -2.352653872893488500e+06 1.835416340539755067e+06 -1.431416837160323048e+06 1.158811720536677632e+06 3.367760907707022037e+06 -1.712763718769098050e+05 8.508461430109047797e+03 -3.712797408172082505e+05 -2.042350792691139737e+06 8.958970338951294543e+05 -9.984269467816925608e+05 7.896147779668394942e+05 6.413227454874770774e+04 -4.383319150281182490e+06 -1.610337614440341247e+06
-4.506479497325621778e+05 -1.310203673464061227e+06 1.040080420802118722e+06 -2.655656732940885704e+06 9.022510670849113376e+04 -1.451723458382571116e+06 -3.368722198352674604e+05 -1.651886626231194823e+05 9.000149588862471282e+05 -1.994179443258494604e+06 4.301903839831850491e+06 -3.130154090448981151e+05 -1.488437610714853276e+06 9.072858980521333870e+05 5.510442929815948009e+05 -1.454605428275883663e+06 3.778581825422217662e+04 -2.672116948242716026e+05 8.073366558506415458e+05 -8.837452285941550508e+04 -5.274327985083211679e+05 -7.877643136823076056e+05 -2.455627098426393233e+06 -5.793883785881849471e+05 -1.300226244244828122e+05 -1.397453297962816432e+06 1.135195178025105735e+06 -2.798013765177105670e+05 -1.067019301649233559e+06 -1.359121650021991460e+06 -8.963675319793769158e+05 8.790663425728109432e+05 -2.306437113171762321e+05 -1.089437192576526199e+06 5.029198959445444634e+05 1.883563017494061496e+06 -1.661919831228632713e+06 -1.548205848927985178e+06 2.290557745103442110e+06 -1.451934900378601626e+06 2.828399607298758347e+06 -4.470619426929033361e+05 -1.597185844426405965e+05 -1.162641631710419431e+06 -1.430526804011925356e+06 1.850399683665437624e+06 -6.378726848335245159e+05 2.543849509054526861e+05 3.120068727153881628e+04 2.596038068639285921e+05 -2.497642733713263297e+05 -1.471910453202184523e+06 -1.589875315559250303e+06 1.435574297392658773e+05 -4.640510987560354988e+05 7.876815648420263315e+05 6.770431394920845050e+05 4.995306923878156231e+05 3.573235649769555894e+05 5.025677828532325220e+05 -3.572093916203571018e+06 -9.279218013693584362e+04 -1.453651194052922539e+06 2.296433935772169381e+06 1.074228145642138319e+06 -2.380833536628609989e+06 -3.138096445262867026e+06 -3.878886801245342940e+05 -3.274226111470559845e+05 3.776588456518808962e+05 2.196955772502284963e+05 -7.591770183042933932e+05 1.948160716581704037e+03 4.454516074011277524e+05 -5.178341146632269956e+06 -4.909466483736657538e+06 1.397548012516672490e+06 5.061032228239608929e+06 9.857861346095891204e+05 3.075050055090788519e+05 1.578563217083063442e+06 -4.275548575399938971e+06 -6.451589105275506154e+04 1.299463983736549504e+06 7.807138881354953628e+05 -3.008346068075527437e+05 7.463439445503677242e+06 -1.974387667561760172e+06
6.774446991603280185e+04 2.057679447415566829e+05 3.070235866921217530e+05 9.022510670849113376e+04 4.037716291718977736e+05 -7.089574855424009729e+04 -2.370063430352264259e+05 -7.039981229597746278e+04 5.125262456556009129e+05 5.505674794718241319e+05 5.034912133947263937e+05 9.262860038600288681e+04 4.474999076834206935e+05 2.623782175903668394e+05 4.662542268089083955e+05 2.227269838751429052e+05 1.660909331710408442e+05 1.481959517979373340e+05 -1.811352274222670821e+05 6.854137167493021116e+05 -1.893332418438992463e+05 2.879614473179361667e+05 -2.685209670339026488e+05 7.412771526178698696e+04 2.158905112932593620e+05 4.092845655458312831e+04 -3.879887452116002096e+05 -7.206346100934789865e+04 -1.284317788608282572e+05 -7.079204505154716317e+05 -3.275985834749205969e+04 2.479867620931740676e+05 7.527981826281124086e+04 -2.084320356607451686e+04 1.107905837245627336e+05 3.768741438957294449e+05 5.858464634069064632e+05 -2.216924506754360627e+05 -1.417677650562593190e+05 1.166643527977793128e+05 7.563930736867245287e+05 5.400392200894794660e+05 2.871076989272850915e+04 -6.603864306559857505e+04 5.906794756241103169e+05 -3.882266566025676439e+05 2.501250937835683289e+05 -2.958394196606743208e+03 2.075632989260323229e+05 4.233300721456742031e+04 8.418054379763519682e+04 -8.813810114381925086e+04 -6.651502665936846461e+04 1.397993073275464121e+04 -2.112793301524396229e+05 -5.042690476378498133e+05 2.464358570086688269e+04 6.319110050633612555e+05 1.837562469877685653e+05 1.251168674578290374e+05 -3.214892408614864689e+04 2.143531252349232673e+05 -1.221025985287240328e+05 -1.089195004041026696e+05 3.111357576520720613e+05 -9.378545682650208473e+05 -1.297912073177390499e+06 -1.249482547714501852e+05 1.989842131075841608e+05 -1.876424285563051817e+05 3.250616047217134037e+05 5.404087759668461513e+05 3.615697053667920409e+05 -9.317245707104527391e+05 -1.643395785119022185e+05 -8.408768746724359225e+05 3.381244385725060711e+05 8.515395702093893196e+05 1.952999157925946565e+04 1.862205113523598629e+04 -2.143520885584427742e+05 -9.729593174558273749e+05 1.998049606807511591e+05 5.955223753641115036e+05 2.964173639569045044e+05 -2.054327338181187952e+04 -1.633480752988724969e+06 9.755272434801657218e+05
-4.196368541569927766e+04 -3.727510563979977160e+05 5.909399091141856043e+05 -1.451723458382571116e+06 -7.089574855424009729e+04 -9.955069751720995409e+05 3.677729168691617670e+05 -1.986963104073504219e+05 1.068145917202267330e+06 2.748152997926411917e+05 1.328834826243328629e+06 -2.463558703646907816e+03 1.378867739110824477e+05 1.460070596060416028e+04 -2.710784647793186596e+05 2.135903166968784644e+05 -1.504874772738562315e+05 1.405968143587439772e+04 -6.794805174214021536e+05 -1.190218341581828136e+05 -2.393769816693495377e+05 -2.665098692080223700e+05 -7.987960335361004109e+05 -1.682868378799294878e+05 -3.884116205401383922e+04 -5.685223601692172233e+05 8.465003397929067432e+04 -6.164475165897671104e+04 -4.952787078077790793e+05 2.042260292729893932e+06 -8.452828219037337694e+05 -7.493685957192588830e+04 -2.057110979142228898e+05 -4.693558239654767094e+05 -2.203011787186983565e+05 -2.126103852824724163e+05 7.675791906466584187e+05 -6.055052656990590040e+05 -1.215477194418850704e+05 -6.854791457003180403e+05 3.069472888061956619e+05 2.023831261036962271e+06 -5.472155589154183399e+05 -6.784884135902861599e+05 6.979868933799886145e+05 8.208279521804758115e+05 -6.326118227782390022e+03 -1.787962648657503887e+05 -1.410505505421823182e+05 -1.249024845253271196e+05 -1.605922229473185726e+05 -1.737406644072380383e+06 2.391707711867960170e+05 1.553591647018405783e+05 -8.452533731750106672e+05 -5.986275864867998753e+05 -1.298299357838050055e+05 4.041066192485286156e+05 9.661293300922069466e+04 2.996953947551135207e+04 3.399761936566419899e+05 -7.832633137332792103e+04 -9.787404112516809255e+05 -2.769871395567458821e+05 6.007522964818776818e+05 -4.349652784233248094e+05 -2.061396712174990447e+06 2.369908181185103022e+05 -2.706395599761578487e+05 -3.192776585783924675e+05 5.837483215915100882e+05 9.754586686585204443e+05 8.810777841422914062e+05 -2.728877510527690407e+06 -2.143609042103149928e+06 -2.866685153181450441e+06 5.548900560087928316e+05 2.334163534553696867e+06 -1.860357063349856762e+05 -5.381954109685061849e+04 1.571523052360283036e+05 -1.521447903755704872e+06 1.081017967521923420e+05 -6.806095779233922949e+05 -4.668736676631698501e+05 -1.848986885630261968e+05 2.846172585263409186e+06 -1.294357621040557977e+06
5.793573412258966709e+04 7.309692854533523787e+05 -2.009587224034863175e+05 -3.368722198352674604e+05 -2.370063430352264259e+05 3.677729168691617670e+05 -1.323330397346096113e+06 7.788812340154730482e+05 3.447565310143514071e+05 -2.821214278912303853e+05 5.661269626415818930e+05 -2.088094862709491572e+05 4.538521244116940652e+05 -5.641053155581397004e+05 -7.267891587861104636e+05 7.471617736122775823e+05 -2.135927162419229571e+05 -1.651044066003843327e+05 -5.812658735413277755e+05 -1.463126870167181594e+06 2.507244117379973177e+05 2.732751873016236932e+05 2.383141219225008972e+05 2.091734992079840595e+04 6.674411794538826216e+05 -6.456456850838338723e+05 -5.027931458829804906e+05 2.845340409429775318e+05 7.783208603936430882e+04 2.094585605819926714e+05 -3.825227324365852983e+05 -7.230514917090919334e+05 7.775059912762977183e+04 -5.215864609127693111e+05 -3.214279315082152607e+04 4.071036608055139368e+04 -2.300327908345786389e+06 7.470942414020054275e+05 6.582277529901732923e+05 -5.308522439879659796e+05 -3.808377197263514390e+05 -9.281896578929724637e+05 -5.814929295596499287e+04 5.246042009146828204e+05 -7.303572850162013201e+05 1.263217354657242773e+06 1.643194973372446839e+05 4.314405360340634361e+05 -2.323956439150089864e+03 -8.105542440146532317e+04 -2.351824957512243709e+05 3.314378592825561063e+05 1.552315754307364579e+06 8.755597397621496348e+05 6.308177496870700270e+04 5.193819530920910765e+05 -1.965348482804256200e+05 -6.740945160055052256e+05 9.449362476910809346e+04 8.747080540198268136e+04 1.676976242878370103e+05 8.911353532507233322e+05 6.586622310351765482e+05 4.495750918406037963e+05 -1.326770927154598758e+05 7.367399266108981101e+05 -3.262888985936020967e+06 6.465458361203145469e+05 -3.935881977173896739e+05 2.539315987040274777e+05 -6.606147314906577813e+05 2.363862720961284358e+05 -4.449559831859972328e+05 4.906929853241269011e+05 -9.436403841721982462e+05 6.838088972461364756e+04 -1.743034766663487244e+05 -2.462772731811401027e+05 3.660506620709288400e+05 -2.104610530561435007e+04 4.688842278144910233e+05 9.425942527140781749e+04 -1.208316492063395563e+05 1.109381639138479484e+06 9.293732349875291402e+04 -2.150291132472543541e+04 -4.702224916213063523e+06 3.000504737787508406e+06
-1.359517072888561815e+05 -1.116819138763715513e+06 5.993419607560407603e+05 -1.651886626231194823e+05 -7.039981229597746278e+04 -1.986963104073504219e+05 7.788812340154730482e+05 -2.777951751265906729e+06 1.478791995681444881e+06 -1.207165141953845276e+06 5.858896229705542792e+05 -1.596255216458429641e+05 6.473651983282143192e+04 9.711753075653593987e+04 -8.107163031449654954e+04 -1.767760737125225365e+06 -5.886394832970693824e+04 -5.119008623403926613e+05 2.513752444709689822e+06 -1.595955620530048152e+06 -1.418638194580500131e+05 -5.764056141580053372e+05 -9.655857476076314924e+05 -3.956638269567807438e+05 2.244446921236003109e+05 1.000583307006068644e+06 1.071238041206634371e+06 2.001393304245738254e+05 4.347789009894042392e+05 3.415708117427987978e+06 -4.774482840793936048e+05 6.293692833313851152e+05 -2.470512315373421006e+05 1.034594992493020021e+06 -2.211488048302002717e+05 1.997505415581368143e+06 -1.748187660922320327e+06 -7.431775702859745070e+04 7.916532661380106583e+05 9.252139831576854922e+05 1.194943029808770167e+06 -7.488709114638164174e+05 -2.323536869703931734e+04 -6.142513545265698340e+05 -1.235625172579195350e+06 -5.556919343198053539e+05 1.265192501894572284e+06 5.536832131062948611e+05 7.058967250058663194e+04 2.583626548090108554e+05 -1.082023983947999077e+05 4.499290996476567816e+05 2.403676906977555482e+05 6.474357342528015142e+05 2.007498367543327389e+06 -4.996212054812224815e+05 2.427727910460802377e+04 -1.708956253718387336e+06 5.388448735098616453e+05 4.907372388478659559e+05 -9.545099448980164016e+05 8.023723687157473760e+05 2.965500052977525629e+05 3.224610810944265220e+06 8.290139380709808320e+05 -1.239279718562715687e+06 7.327900871018955950e+05 1.339104914351491607e+04 -3.702371126533678034e+05 3.797054378841761500e+05 1.311109620119416853e+06 -8.124178698780258419e+05 2.566244328493368812e+06 -1.643538108407792170e+05 -3.073457908048820682e+06 3.918796262651733705e+05 2.055866552829989232e+06 1.320938195258558728e+06 -1.364433726978776511e+06 3.846782384473995771e+05 2.125695403317670338e+06 -2.023604990351205925e+06 -2.669533545166755212e+05 -1.396045516703929286e+06 -8.555719498022556072e+05 -2.971757170174787752e+05 6.217009555189145729e+06 -1.665897075984006282e+06
7.823447309581241279e+04 6.714281950040056836e+05 1.448466984833019087e+06 9.000149588862471282e+05 5.125262456556009129e+05 1.068145917202267330e+06 3.447565310143514071e+05 1.478791995681444881e+06 -7.304676076221067924e+05 3.122817492995945737e+06 -1.563519533991395030e+06 -1.560972275112216012e+05 7.377866998635460623e+05 4.901792170247760951e+05 1.224125230053597596e+06 -7.238636459150413284e+05 4.535476391476650024e+05 7.753207260525223101e+05 -1.570400265987876104e+06 1.379146617491933284e+04 9.592214243640939239e+05 9.698169935845002765e+05 -4.154653058221972897e+05 4.411527760351540055e+05 -5.033903101167361456e+04 1.473513771557220956e+06 -1.217270172745552612e+06 -6.515095125417870004e+05 -2.111728552900108974e+06 -4.700031624395870604e+06 1.118654051328967093e+06 3.398140752058347571e+05 5.645090860317368060e+05 1.544689515703024343e+06 1.435696141355502768e+05 -1.715958560447578086e+06 2.113170650746357162e+06 -1.844023095482431818e+05 -2.228508222772086971e+06 -8.535442384863466723e+05 6.023697346287275665e+06 9.098829466076163808e+05 1.125464997779747646e+05 1.301956497672053985e+06 9.853639718935895944e+05 -2.143054512673898134e+06 -1.126705443936956581e+06 2.675569871454602689e+05 3.131047708845551242e+05 2.803585326534655178e+05 4.412715522835496813e+05 1.319353325620860094e+06 -7.854321518767273519e+05 7.193170620485602412e+05 1.094717252537744353e+06 -2.945035040406751446e+06 7.454426059562747832e+04 3.761674331196015701e+06 -7.144985272757639177e+04 -2.318932693419044372e+05 1.795328390252004145e+06 -6.684664388534042519e+05 -9.352140036107839551e+05 -2.188666962782314979e+06 1.150439118953074794e+06 -8.330259057183582336e+06 -6.435050664540344849e+06 -1.464677102140571456e+06 8.692728196547067491e+05 1.403834567687852075e+06 -1.439926157547155162e+04 1.115956051640588325e+06 1.486537535626877099e+06 -9.254729251005116850e+06 -6.407139480621229159e+05 -2.083580182467561215e+06 2.352375580556314671e+05 1.884160224859562935e+06 -1.370031511937039671e+06 -1.210789789148956334e+04 -3.143994882581300917e+05 2.187762711604353972e+05 1.223476528503136709e+06 4.171185472971015610e+06 2.361263125594747718e+06 -4.095393010974278150e+04 -8.362660267842716537e+06 7.320945906658351421e+06
2.968016424238327891e+05 -1.540521023697360652e+06 1.435326264428951312e+06 -1.994179443258494604e+06 5.505674794718241319e+05 2.748152997926411917e+05 -2.821214278912303853e+05 -1.207165141953845276e+06 3.122817492995945737e+06 6.878214360014839098e+06 7.545105317645099713e+05 2.357809621083952370e+05 1.494979402006580727e+06 2.260972182111796923e+06 3.248490147184835281e+06 -1.827995437985566678e+05 4.267894105833977810e+05 4.541820800185195403e+05 -1.805946379572305828e+06 1.827311891104970593e+06 -6.207776609549897257e+05 2.027132579720126523e+05 -2.500315344241710380e+06 -2.963807332423635526e+05 3.552350625993907452e+05 6.308022053028203081e+05 -2.021129574397350370e+04 -1.570003405748550722e+05 6.397517642711499939e+05 -1.641141161516359774e+06 1.436034579177172156e+06 1.497643546491156332e+06 3.608267953453819500e+05 8.736143114750009263e+05 7.180359423424865818e+05 3.530449682942696381e+06 2.373655935121809132e+06 -5.661565521436501294e+05 -3.853219737698127981e+06 -7.010550009769510943e+05 2.558240067474913318e+06 1.627550368555469904e+06 1.098680867187703960e+06 1.290441999293745612e+05 6.049509963250054978e+06 2.307297780145782162e+05 -1.454344168179828674e+06 -1.480794300319028087e+06 4.819619512744104723e+05 3.433956662104926072e+05 5.586454973771728110e+05 -1.160242451678523328e+06 -1.166262637366492068e+06 -1.024913516995083191e+06 -6.342178573957574554e+05 -5.533350128390081227e+06 -2.587312937868870795e+05 1.092022291956486413e+06 -5.076937994324786123e+05 -4.217785125343970722e+05 5.020916021231179475e+05 -1.317341349669451360e+06 -1.721549837397686671e+06 -3.098286094209036790e+06 -1.907366309555970365e+05 -2.421964196292245761e+06 -3.826719078751728404e+06 -2.604001850550695788e+06 1.343685474358749576e+06 -1.735277931974702049e+06 5.241890724692286458e+05 1.484593349241365679e+06 1.481399029106624890e+06 -3.402114365259821992e+06 -1.496421256735504372e+06 1.595895182658510748e+05 6.663767718307630275e+04 4.603011792733283713e+06 1.219253658466588240e+06 1.407920707680622872e+05 -8.232744384042299353e+05 -3.144839698515623342e+06 4.881357054599836702e+05 1.128378397513543488e+06 2.269527803848621988e+04 -2.369036080097733065e+05 -4.705676979495055042e+06 1.204687657869186718e+06
3.447934074783187825e+05 8.171617587081898237e+05 5.994888272117772140e+05 4.301903839831850491e+06 5.034912133947263937e+05 1.328834826243328629e+06 5.661269626415818930e+05 5.858896229705542792e+05 -1.563519533991395030e+06 7.545105317645099713e+05 3.682870461762978812e+05 3.582607476811798988e+05 -1.305538518032400869e+06 1.338338004190088483e+06 1.314549338358043227e+06 7.166712138974182308e+05 4.751455094265590888e+05 7.170520233521204209e+05 -3.779864631351959426e+06 4.018189984655718319e+06 4.326252350221236702e+05 8.267561395726958290e+05 -1.115982671836324007e+05 -6.080260711936274311e+04 3.200295596833882882e+04 -1.197739046554091154e+06 -2.728367656998126768e+06 -1.374449227497061947e+05 1.219793106179911643e+06 2.198384072416590061e+05 1.852981286005718168e+06 2.418831727427482547e+05 4.353277343012833735e+05 -1.407485250939009013e+06 4.485574967232971103e+05 1.964476600944485981e+06 4.028232953955092933e+06 4.316994241160886013e+05 -2.161440908330418461e+04 -3.891466160001794924e+05 3.863370038963273168e+06 3.838252133606162854e+06 -3.782305147313580383e+05 8.812616524194693193e+05 1.872783730596467620e+06 -1.977286300734950695e+06 1.714561959631894715e+05 2.885904134399110917e+05 4.078663499559254269e+05 3.929680872642614413e+05 5.476441447963712271e+05 -4.515465924041073769e+06 -1.394165757460072404e+06 -8.520448643679415109e+05 -7.317293330365521833e+05 -1.190706228991695680e+06 1.842180408444792265e+05 6.462468690610527061e+06 -3.284398438703722786e+05 -2.890624863900612108e+05 2.889006673235860653e+05 1.316222881342748587e+05 -3.908567568945986568e+05 -2.760425272649834864e+06 7.586548421103738947e+05 -4.206725661895437166e+06 -1.780442462329804897e+06 -8.066869757645692443e+05 1.019916318907269160e+06 3.247196166882183752e+05 1.315984679954941384e+05 3.810252188693749253e+06 7.540849467971650884e+05 -1.126546927254422568e+06 -5.424983242012523115e+05 -2.802873135532753076e+06 9.330267088995120721e+05 4.604109096797564067e+06 1.347338444293672452e+06 5.380728136994133820e+03 1.612739940861525247e+06 -5.019845975292330608e+06 8.735678272529727546e+05 4.180749999814538169e+05 -2.123456163319046027e+04 2.118710266123678884e+05 -8.485235218662605621e+05 2.981101186707151355e+05
9.705271672690966807e+04 1.862732972601250804e+05 4.326383293144685449e+05 -3.130154090448981151e+05 9.262860038600288681e+04 -2.463558703646907816e+03 -2.088094862709491572e+05 -1.596255216458429641e+05 -1.560972275112216012e+05 2.357809621083952370e+05 3.582607476811798988e+05 3.444346867857456673e+05 3.313434151280834922e+05 -1.973750608641301733e+04 2.314046042060264153e+05 2.713912841039641644e+05 1.529352376867547864e+05 7.546967969483528577e+04 2.986764588442404056e+05 -1.453171338498276600e+05 -3.470258891788335750e+05 1.405862547591082985e+05 1.287382932657274359e+05 -3.525763692910208920e+04 4.960575210810203571e+05 1.626054933639621595e+03 1.431127483623955166e+06 2.194090759290216083e+05 -1.580182034499222063e+05 -1.539047314045114326e+05 -2.190695194258468837e+04 -4.777902900082054839e+04 6.449982926143374061e+04 -3.100671544813793735e+05 2.643056390317609766e+05 2.021132258662583481e+05 -6.127975469225734705e+05 -8.874296434225764824e+05 6.287129884670649190e+05 -2.070368768567251391e+05 1.043949050859402400e+06 1.865403946117892046e+05 -2.295972238112035848e+05 -3.117977835692145163e+05 -3.205668111102124676e+05 5.135195354109114269e+05 5.887430926344301552e+05 -1.559673381392512965e+03 9.120484976484940853e+04 1.304532835744217155e+05 -6.548313026366106897e+03 7.164041277857146924e+05 -3.736273720500658383e+05 -1.810612883547662350e+05 -1.227504578447887470e+05 5.278842559943377273e+05 1.767043155809352174e+04 9.887820767163208220e+05 1.930896762965515372e+05 1.677697846498009749e+05 -4.266803371324747422e+04 7.310404285820357036e+05 2.617185222232035594e+05 6.988257830481906421e+04 2.242023245724113949e+05 -5.429748406094450038e+05 -1.969546345528190024e+06 2.952056676034166012e+05 4.794661645708809374e+04 -7.067723149741270754e+04 3.708724009506908478e+05 6.872783401967372047e+05 -1.081701394208731508e+05 -1.584171273612565128e+06 -8.025031244422988966e+05 -6.053969260669942014e+05 3.686448391342579271e+05 7.842489679778546561e+05 5.046009280701025855e+05 7.503001575639998191e+04 1.190203905458246358e+06 -5.559065120910890400e+05 1.645266097093579883e+05 -7.560059437707343022e+04 2.576436454567739274e+05 2.131052194426485585e+04 -1.742446698028065264e+06 9.486502406026699464e+04
3.132070549187948345e+05 -6.702684168256113771e+05 5.642704288824589457e+05 -1.488437610714853276e+06 4.474999076834206935e+05 1.378867739110824477e+05 4.538521244116940652e+05 6.473651983282143192e+04 7.377866998635460623e+05 1.494979402006580727e+06 -1.305538518032400869e+06 3.313434151280834922e+05 -9.655846526775840903e+04 1.004844041438415414e+06 5.076291043406943209e+05 -1.261379422405741934e+04 2.824632738879164099e+05 5.504777949075090000e+05 8.324140719581948360e+05 3.605202688282418996e+06 -9.464295376765846740e+05 -4.500422666178413201e+05 -1.420025949416789459e+06 4.023725337263814872e+05 5.376251704527772963e+05 -9.837963842726234579e+05 -3.106786942279255483e+06 2.295916512986509188e+05 -7.881270059498400660e+05 -3.775196582099447958e+06 1.789536138859438244e+06 1.294142438551446656e+06 1.296402391955680068e+05 5.090447718145014369e+04 4.372149386405058904e+05 9.304402101299279602e+05 3.722084463194236159e+06 -2.476450371067495435e+05 -1.298838810678695561e+06 5.261412102359523997e+05 6.936115879139463650e+05 2.989953442411333788e+06 8.014342540501180338e+04 5.017307539861153346e+05 2.213818782998244744e+06 -1.743344457727809902e+06 4.442498641427868279e+05 -5.853861959103092086e+05 3.162240497948973207e+05 3.065546356742493808e+05 4.308328231852668105e+05 -2.954153969320819248e+06 -3.227150562116843066e+05 -1.204375552258922253e+06 -2.360308283883006312e+06 -1.391478136750204256e+06 -2.444085371122124780e+05 1.092251806659875903e+06 -3.338276610397925833e+05 -1.760119432808850543e+05 -6.409150649278078927e+05 2.303138394159130985e+05 -8.012665296033276245e+05 -2.582142820459152572e+06 2.784231452748497832e+05 4.412447596042702906e+06 3.458379405516028637e+05 -7.647200907775951782e+05 8.909890486968045589e+05 -1.550622676668746863e+05 1.080637220564430580e+06 5.972956377957921941e+05 1.093666939284040593e+06 -1.968167072270784294e+06 -4.150300008608819917e+05 -1.033149287803534186e+06 3.304258840488321148e+05 2.525853703522521071e+06 6.933271927043389296e+05 -3.976563923526031431e+03 -1.766329014123985544e+05 -4.199519905211541918e+05 1.193387963211099704e+05 2.873501720102037769e+06 2.880330328934324905e+06 9.687688394595807767e+04 -1.096128882902222127e+07 4.725607072037027217e+06
-3.491733797205886367e+04 1.837783102548425668e+05 1.115076968312791781e+06 9.072858980521333870e+05 2.623782175903668394e+05 1.460070596060416028e+04 -5.641053155581397004e+05 9.711753075653593987e+04 4.901792170247760951e+05 2.260972182111796923e+06 1.338338004190088483e+06 -1.973750608641301733e+04 1.004844041438415414e+06 9.668412276567785302e+05 8.253402132257109042e+05 5.144631462648843881e+05 1.807995377785454621e+05 2.139724260159177647e+05 -1.219689116606432712e+06 1.096858131532037398e+06 -1.987476910867957049e+05 5.519537445422197925e+05 -6.363195161043370899e+04 1.047305835904777632e+05 -7.254883771027841431e+04 -5.194367332935807062e+05 -1.754906565847577062e+06 9.324971615958267648e+04 2.008200328291715414e+05 -4.602503504172947141e+05 -2.007426051405222097e+05 5.968917894832673483e+05 2.104165146371316223e+05 -2.020377255523336935e+05 1.497806452689099533e+05 4.847684797902239370e+05 1.218838839063402964e+06 -6.495297556785687630e+04 -4.257808793253338081e+05 2.344071309560941154e+04 2.180003896916657221e+06 1.108812499440913321e+06 -2.058180766135559534e+05 4.290590939547785092e+04 1.167521985932777403e+06 -9.895592030093995854e+05 -9.022920340401043359e+04 3.120650878053994966e+05 1.872295624748214032e+05 1.033771653782269277e+05 1.907104433456158731e+05 -9.542034425026123645e+05 -8.039964480772499228e+05 -6.437455917876817985e+05 -7.570623120343977353e+05 -2.107406633575317683e+05 -3.829592544862369541e+05 2.659716794095726684e+06 -3.274253068568454182e+04 2.123881471649181185e+04 -1.723784852573954850e+05 1.277089424379281263e+04 -3.297799584392192191e+05 -8.651587734777389560e+05 6.814385043131010607e+05 -9.101066633068511728e+05 -3.293223292991306633e+06 -3.598213581821396365e+05 4.646852876475474914e+05 3.514206460747351521e+05 6.384285963185197907e+05 1.218850121934326133e+06 7.301417944546744693e+05 -5.121212103933115141e+05 -6.682516280006575398e+05 -1.198799507691178005e+06 5.630560885294689797e+05 2.810343850792199839e+06 1.476368557869386859e+05 -4.225282840799531550e+04 -1.854342718294648686e+06 -6.386794826073304284e+05 5.736229305459817406e+05 1.115388723263160791e+06 1.884647550066135009e+05 1.065413225789857534e+05 -7.302645138377254829e+06 2.410069650051468518e+06
1.944401759450668178e+05 -3.224228226538352901e+05 2.522426003614723450e+05 5.510442929815948009e+05 4.662542268089083955e+05 -2.710784647793186596e+05 -7.267891587861104636e+05 -8.107163031449654954e+04 1.224125230053597596e+06 3.248490147184835281e+06 1.314549338358043227e+06 2.314046042060264153e+05 5.076291043406943209e+05 8.253402132257109042e+05 -2.488677872813409660e+06 1.330639963199765887e+06 3.481613163840076304e+05 2.676243891542369965e+05 3.946665461124012945e+05 2.301411989839871880e+06 -5.432939295876268297e+05 5.949998523485937039e+04 -5.416789129108365159e+05 5.486866859810183523e+05 1.281454521917409729e+06 -2.265721362077884842e+06 -1.151049766940139001e+06 6.394172937478051754e+05 1.315412527357534971e+06 -4.071314123370776884e+06 1.447153329333173577e+06 1.110091788830251200e+06 3.698145080781106371e+05 5.538702829799482424e+04 6.209385075049670413e+05 2.454231024642738979e+06 2.567723544149204157e+06 -5.035629707948102150e+05 -1.239249985147286498e+05 -3.590950211046974291e+05 -2.049652932856218540e+05 2.205126230742569605e+05 4.051690803710156470e+05 2.953021467388994643e+05 3.410149728094083257e+05 -9.119675195171096129e+05 3.390432378767690388e+05 -5.256891576043470996e+05 4.122965374747336609e+05 3.277107447314938181e+05 5.333943442366663367e+05 -1.434602530520424014e+06 9.068127931572586531e+05 -1.646085136227418843e+05 8.550996798447523033e+05 -3.834907625311814714e+06 1.981881549835068872e+05 2.861722757716649678e+06 -1.653676574540504371e+05 -1.311385664077541442e+05 6.197031767202420160e+05 1.268086171335999388e+06 -2.321264534282133682e+05 -1.201619433996366570e+06 4.235906312371380627e+05 -9.482913059340401087e+05 -2.544934398697128519e+06 -1.232384646945327055e+06 8.638034370354827261e+05 3.658518172802000772e+05 7.496623973414488137e+05 1.269818138444314245e+05 3.968765246253794758e+05 1.849930334320220398e+06 1.234390938714160817e+06 3.272448015376337571e+05 -3.631509434698236873e+05 5.276024403547563124e+05 1.939221489064560505e+06 4.453789978373926715e+03 4.233059275091469754e+05 -1.888714466583954636e+06 8.107168644895353355e+05 2.107251970866399352e+06 8.883222411978553282e+05 1.873738479801337235e+05 -8.125036010484971106e+06 3.676488062614034396e+06
2.467204668898059463e+05 7.250089291187422350e+05 1.064807600880939746e+06 -1.454605428275883663e+06 2.227269838751429052e+05 2.135903166968784644e+05 7.471617736122775823e+05 -1.767760737125225365e+06 -7.238636459150413284e+05 -1.827995437985566678e+05 7.166712138974182308e+05 2.713912841039641644e+05 -1.261379422405741934e+04 5.144631462648843881e+05 1.330639963199765887e+06 -5.345404591618956765e+05 2.087638310963370022e+05 9.771801006550903548e+04 6.224664469320599455e+05 1.122239634329527849e+06 -5.398698482897274516e+04 -1.833757323545596446e+05 -4.537508973249429837e+05 2.450486493163573323e+05 1.159558461764865788e+05 -9.318047538843388611e+04 4.814474668798495084e+06 5.106807498736679554e+04 -1.525565711905003525e+06 -2.941329127099215984e+05 2.557458017260773704e+04 -1.200305056548039574e+05 -9.206329005487292306e+04 -1.111084331128346734e+06 -3.956681088247822481e+04 1.169871530804553302e+06 2.692080866134181619e+06 -8.381155862201412674e+02 1.552681639971896657e+05 -9.237512334009659244e+05 2.389212333725743520e+05 2.633265110990281682e+06 1.527078666523650172e+05 2.092289547031495604e+05 1.352719125890693162e+06 1.472452395913211862e+06 -1.617778752216264256e+05 3.767224976273813809e+04 4.385477730560200871e+04 2.120583398571531288e+05 7.123864178875413199e+04 -6.572291197455421789e+05 4.429416649690483464e+05 -1.303424681785970024e+05 -8.039684504276775988e+05 -6.332570479619514663e+05 3.518212679784776410e+05 7.890878063895297237e+04 4.005799782330470625e+05 3.753075159599799081e+05 7.057344146149685839e+05 -4.486683594606167171e+05 9.273144195085726678e+05 -2.236249128289671207e+05 1.118396197669746354e+06 -1.847250182417284697e+06 3.069007145966561045e+06 1.776115158185808687e+05 -1.654017951980544021e+05 2.654921428744229488e+05 1.097375585563305998e+06 3.274918180789580802e+05 5.498440226095776306e+05 -8.211986554566430277e+04 4.151045466498727910e+05 3.733171402731736307e+05 1.112127004948106827e+06 2.816986346257708501e+05 -2.044229732240617159e+04 2.757230281210608082e+05 1.246809750420224736e+05 -3.618795311427573673e+06 -9.702514948487101356e+05 1.843846872079554014e+05 -9.222282383892775979e+05 -5.707449617749714525e+04 -5.754416468449534150e+05 1.435173881805536803e+06
-1.563951361618431292e+04 8.884400165724304679e+04 1.016548786294788442e+05 3.778581825422217662e+04 1.660909331710408442e+05 -1.504874772738562315e+05 -2.135927162419229571e+05 -5.886394832970693824e+04 4.535476391476650024e+05 4.267894105833977810e+05 4.751455094265590888e+05 1.529352376867547864e+05 2.824632738879164099e+05 1.807995377785454621e+05 3.481613163840076304e+05 2.087638310963370022e+05 1.274573741388352646e+05 1.501785101911326055e+05 -3.434841614797567017e+05 2.795026693372515147e+05 -4.642666281129045092e+04 2.212726977247718896e+05 -1.455955287031288317e+05 -4.730600832394717145e+04 1.370419354384411417e+04 -1.433976474898126908e+05 -4.174215185209388146e+05 -7.366404244526903494e+04 1.931821660731465090e+04 -7.993578978550435277e+05 5.878694848513873876e+04 2.060001760293082334e+05 6.083876557753140514e+04 -4.255959255492285592e+04 9.568743671312821971e+04 3.231893904065480456e+05 2.404752840312803164e+05 -1.146920311423164967e+05 -2.216419568391966750e+05 -1.443855727227966709e+05 4.653390116706835106e+05 4.467307794364351430e+05 -3.177101456435708315e+04 -1.255069370083993417e+05 3.641824827669264632e+05 -1.241627060924306570e+05 1.322794277996759047e+05 1.075920894726450933e+04 1.007564443471751874e+05 1.095138903402999713e+05 1.458750282725908328e+05 2.450215644372598035e+04 -2.291616831674258574e+05 -2.817066068503282077e+04 -3.215292951114422176e+05 -2.146896074318800820e+05 -8.096125828654170618e+04 3.970659105543236947e+05 2.867235203584608826e+04 3.676092685195171362e+04 -2.623272323397889268e+05 6.338080278773565078e+04 -2.615022728662779264e+05 1.348670940235594753e+05 9.778465142537440988e+04 -9.730914484394497704e+05 -8.173672236524393084e+05 -2.627509654749574111e+04 1.701743075824236439e+05 -6.282948835907968169e+04 1.885044866727943881e+05 3.566449025554326363e+05 2.655479916914181667e+05 -9.470203604026860557e+05 -2.273489550072677666e+05 -7.435359170440339949e+05 2.208347816537376784e+05 6.818233217188025592e+05 -3.160949574004863098e+04 3.409024251003878453e+04 -1.299088167141497397e+05 -1.042428488004317391e+06 2.523644034225325449e+05 3.890115442744618631e+05 2.502862548652481637e+05 -2.174641520143705566e+04 -2.096972331992772873e+06 8.949846017387576867e+05
