-8.861370398330128637e+02 -4.015805291193753987e+02 -3.718200659334867737e+02 -4.169164564858861013e+02 -4.310444287541155859e+02 -4.182413100140972233e+02 -4.394506954934194027e+02 -4.627897006885251585e+02 -4.431582801410119146e+02 -3.910122473037280315e+02 -3.999729238302902559e+02 -4.132399953101727306e+02 -4.380447510078847699e+02 -4.699197976890847031e+02 -4.088372723324043818e+02 -4.286569853015541867e+02 -3.845161997966282570e+02 -3.951280472962577051e+02 -2.008361162983895909e+01 -6.028630953152837435e+01 -2.270083038652247609e+01 1.893427557539551165e+00 1.670787784529739213e+02 -1.127789248262578212e+02
-4.015805291193753987e+02 -5.052673132763252397e+02 -2.840636962157828407e+02 -3.465833368321069656e+02 -3.708592230206705835e+02 -3.589343123525122223e+02 -3.868707909654560240e+02 -4.512839927961916828e+02 -4.090950713481403227e+02 -2.419807795078644119e+02 -3.364376890597246188e+02 -2.757716493512507441e+02 -4.014865927458735086e+02 -4.205811802638561971e+02 -3.359401071004829191e+02 -3.676411405595187603e+02 -2.856718296925884033e+02 -2.801315035824470669e+02 -2.379072822698105583e+01 -3.709988823231025634e+01 -2.331625380919432189e+01 2.952693002861017657e+00 1.210174361193389245e+02 -1.578830266515768983e+02
-3.718200659334867737e+02 -2.840636962157828407e+02 -3.922522091473542787e+02 -3.317418343334893507e+02 -3.593143337002610451e+02 -3.515509229221184455e+02 -3.770012612456658871e+02 -4.180389319451059009e+02 -3.843046243926363559e+02 -2.336222115794421939e+02 -2.832858710122357593e+02 -2.475178871202649589e+02 -3.766961285324312030e+02 -3.326414049144991623e+02 -3.260648156521305054e+02 -3.518248261885033799e+02 -3.220533117747936558e+02 -2.518777146067505441e+02 -8.868874211606865288e+00 -3.709808779204256268e+01 -2.331914832314405928e+01 6.683055825379309312e+00 1.210102524740097607e+02 -1.578794257710415252e+02
-4.169164564858861013e+02 -3.465833368321069656e+02 -3.317418343334893507e+02 -7.889872004454498438e+02 -4.056373248937474614e+02 -3.958169691156952013e+02 -4.182692642568660517e+02 -4.290695141705091942e+02 -4.170064369885532187e+02 -3.409863852102864143e+02 -3.761993552026085013e+02 -3.482952106150088412e+02 -4.168662716083619557e+02 -4.348126619326414470e+02 -3.864132262004739573e+02 -4.028056980814209282e+02 -3.706868703656375601e+02 -3.351575015823947297e+02 -1.883971140627931007e+01 -5.531160941205003212e+01 -2.270038111606037390e+01 2.515068344860854399e+00 2.068486146485892050e+02 -9.288192053539087567e+01
-4.310444287541155859e+02 -3.708592230206705835e+02 -3.593143337002610451e+02 -4.056373248937474614e+02 -8.409055342639655919e+02 -4.080294900583161848e+02 -4.317870508400549170e+02 -4.486405178628276076e+02 -4.328387221813482029e+02 -3.621452033211795083e+02 -3.839790146175719201e+02 -3.752480826925556698e+02 -4.312999500890861668e+02 -4.727800038403625535e+02 -3.997236023133648359e+02 -4.173694699809655617e+02 -3.808965597360932520e+02 -3.661614671432518548e+02 -1.681723709743391026e+01 -4.433582962623569301e+01 -2.526604144320079115e+01 2.453182852366677658e+00 1.612992530531588216e+02 -8.856895384010090311e+01
-4.182413100140972233e+02 -3.589343123525122223e+02 -3.515509229221184455e+02 -3.958169691156952013e+02 -4.080294900583161848e+02 -7.955291692319301546e+02 -4.183509210993382794e+02 -4.338656259802062323e+02 -4.195749957839675517e+02 -3.508487955445027069e+02 -3.785069854829926612e+02 -3.556690296294469817e+02 -4.206778984149082703e+02 -4.496473097103406076e+02 -3.902251567099613112e+02 -4.055459086178492498e+02 -3.754830955354717048e+02 -3.450198946586726834e+02 -1.635326119665167255e+01 -4.039367716507451433e+01 -2.021225787050244094e+01 2.359825912023219452e+00 1.471768856606871338e+02 -7.796746104068409977e+01
-4.394506954934194027e+02 -3.868707909654560240e+02 -3.770012612456658871e+02 -4.182692642568660517e+02 -4.317870508400549170e+02 -4.183509210993382794e+02 -8.816075165895380223e+02 -4.554287996044159286e+02 -4.382970227390297282e+02 -4.061443798527195099e+02 -3.801763162425079940e+02 -3.885788587104350995e+02 -4.443732729408681621e+02 -4.999691103291618219e+02 -4.139204110007710824e+02 -4.288152132942507819e+02 -3.945610576780600240e+02 -3.754411555949215540e+02 -1.510981095981817823e+01 -4.536915047037161486e+01 -2.767463159585383181e+01 2.825987102328250788e+00 1.670787784529739213e+02 -8.294460670394431645e+01
-4.627897006885251585e+02 -4.512839927961916828e+02 -4.180389319451059009e+02 -4.290695141705091942e+02 -4.486405178628276076e+02 -4.338656259802062323e+02 -4.554287996044159286e+02 -9.536276048008965063e+02 -4.515557388998099100e+02 -4.263560805023273588e+02 -4.324849813997243473e+02 -4.627710300990625569e+02 -4.503110599933360163e+02 -4.908580147786840939e+02 -4.339859772292069238e+02 -4.465437852457208123e+02 -4.121072945052140426e+02 -4.255850072440127292e+02 -2.353955946837316660e+01 -3.633895074749484877e+01 -2.539611851461709691e+01 2.604737088009319024e+00 1.323860208998812880e+02 -5.471859692890214433e+01
-4.431582801410119146e+02 -4.090950713481403227e+02 -3.843046243926363559e+02 -4.170064369885532187e+02 -4.328387221813482029e+02 -4.195749957839675517e+02 -4.382970227390297282e+02 -4.515557388998099100e+02 -8.815281856095624562e+02 -3.836058015494191977e+02 -4.061470400587197673e+02 -4.207507641628262149e+02 -4.418657011432849799e+02 -4.774305320258614529e+02 -4.076835823200763684e+02 -4.301988567157673629e+02 -3.956617646478549659e+02 -3.877178471393822292e+02 -2.008361162983895909e+01 -6.028630953152837435e+01 -2.270083038652247609e+01 2.515124543119877210e+00 2.267474194409871586e+02 -1.127789248262578212e+02
-3.910122473037280315e+02 -2.419807795078644119e+02 -2.336222115794421939e+02 -3.409863852102864143e+02 -3.621452033211795083e+02 -3.508487955445027069e+02 -4.061443798527195099e+02 -4.263560805023273588e+02 -3.836058015494191977e+02 -4.228690101426464594e+02 -3.115020095558317621e+02 -2.054349790413156995e+02 -3.809711298115868203e+02 -4.298261862187159181e+02 -3.353169641971622355e+02 -3.618103321231472478e+02 -2.905856412415168393e+02 -2.097948160145737404e+02 -2.876318004527665195e+01 -1.720288406396995384e+01 -1.337154645910775486e+01 5.439605592374770815e+00 4.142943756171932534e+01 -1.180890226293808922e+02
-3.999729238302902559e+02 -3.364376890597246188e+02 -2.832858710122357593e+02 -3.761993552026085013e+02 -3.839790146175719201e+02 -3.785069854829926612e+02 -3.801763162425079940e+02 -4.324849813997243473e+02 -4.061470400587197673e+02 -3.115020095558317621e+02 -7.166365492863832287e+02 -3.479171726970099030e+02 -3.899812067838069538e+02 -3.660656177991291997e+02 -3.686753999485152917e+02 -3.801884295022932747e+02 -3.379371195032507558e+02 -3.107387184180554414e+02 -2.354000954780843102e+01 -4.628745158455512865e+01 -2.041942300738588756e+01 2.604793280524905441e+00 1.721800199336378228e+02 -7.461560097471581798e+01
-4.132399953101727306e+02 -2.757716493512507441e+02 -2.475178871202649589e+02 -3.482952106150088412e+02 -3.752480826925556698e+02 -3.556690296294469817e+02 -3.885788587104350995e+02 -4.627710300990625569e+02 -4.207507641628262149e+02 -2.054349790413156995e+02 -3.479171726970099030e+02 -4.784820383841342846e+02 -3.982213148354239252e+02 -4.437310437374542289e+02 -3.426182005626190517e+02 -3.693610811625949850e+02 -2.971588937401699582e+02 -3.032846847186419268e+02 -2.379072822698105583e+01 -3.709988823231025634e+01 -2.331625380919432189e+01 3.574361924933221690e+00 1.210174361193389245e+02 -1.578830266515768983e+02
-4.380447510078847699e+02 -4.014865927458735086e+02 -3.766961285324312030e+02 -4.168662716083619557e+02 -4.312999500890861668e+02 -4.206778984149082703e+02 -4.443732729408681621e+02 -4.503110599933360163e+02 -4.418657011432849799e+02 -3.809711298115868203e+02 -3.899812067838069538e+02 -3.982213148354239252e+02 -8.834553313153364797e+02 -4.847400923246759135e+02 -4.162475532224311223e+02 -4.287189481977575838e+02 -4.043659250443201927e+02 -3.850873850960218761e+02 -1.759671143348516864e+01 -5.034295141770559923e+01 -2.269915834416943312e+01 2.204290116747924966e+00 1.869739822423098587e+02 -9.289220859861228519e+01
-4.699197976890847031e+02 -4.205811802638561971e+02 -3.326414049144991623e+02 -4.348126619326414470e+02 -4.727800038403625535e+02 -4.496473097103406076e+02 -4.999691103291618219e+02 -4.908580147786840939e+02 -4.774305320258614529e+02 -4.298261862187159181e+02 -3.660656177991291997e+02 -4.437310437374542289e+02 -4.847400923246759135e+02 -1.256645095996259670e+03 -4.390874883600370140e+02 -4.644494350535260878e+02 -4.048351719890890763e+02 -3.884013662063207448e+02 -4.368603012893763804e+01 -7.689428224137159873e+01 -4.321345307819269266e+01 5.439605592374770815e+00 2.801646896565956126e+02 -2.374566443623344298e+02
-4.088372723324043818e+02 -3.359401071004829191e+02 -3.260648156521305054e+02 -3.864132262004739573e+02 -3.997236023133648359e+02 -3.902251567099613112e+02 -4.139204110007710824e+02 -4.339859772292069238e+02 -4.076835823200763684e+02 -3.353169641971622355e+02 -3.686753999485152917e+02 -3.426182005626190517e+02 -4.162475532224311223e+02 -4.390874883600370140e+02 -7.591559591458023988e+02 -3.969013697538567271e+02 -3.681443002855282316e+02 -3.145633209256918690e+02 -1.510958615912417358e+01 -5.034205169093483789e+01 -2.269870907370733093e+01 2.204233816410930746e+00 1.869703880786130128e+02 -9.289040914507074831e+01
-4.286569853015541867e+02 -3.676411405595187603e+02 -3.518248261885033799e+02 -4.028056980814209282e+02 -4.173694699809655617e+02 -4.055459086178492498e+02 -4.288152132942507819e+02 -4.465437852457208123e+02 -4.301988567157673629e+02 -3.618103321231472478e+02 -3.801884295022932747e+02 -3.693610811625949850e+02 -4.287189481977575838e+02 -4.644494350535260878e+02 -3.969013697538567271e+02 -8.288659092415941814e+02 -3.794437388723839604e+02 -3.608717690252771035e+02 -1.665721912898257528e+01 -4.432089798061794284e+01 -2.521883208520049280e+01 2.418612891007407839e+00 1.608686898971915298e+02 -9.099969961153422560e+01
-3.845161997966282570e+02 -2.856718296925884033e+02 -3.220533117747936558e+02 -3.706868703656375601e+02 -3.808965597360932520e+02 -3.754830955354717048e+02 -3.945610576780600240e+02 -4.121072945052140426e+02 -3.956617646478549659e+02 -2.905856412415168393e+02 -3.379371195032507558e+02 -2.971588937401699582e+02 -4.043659250443201927e+02 -4.048351719890890763e+02 -3.681443002855282316e+02 -3.794437388723839604e+02 -6.749157243008646674e+02 -2.699289428078261039e+02 -1.856575850572335540e+01 -4.628565236076564560e+01 -2.539566896684179298e+01 1.361286849261344578e+00 1.721728273529645037e+02 -7.461200446992833690e+01
-3.951280472962577051e+02 -2.801315035824470669e+02 -2.518777146067505441e+02 -3.351575015823947297e+02 -3.661614671432518548e+02 -3.450198946586726834e+02 -3.754411555949215540e+02 -4.255850072440127292e+02 -3.877178471393822292e+02 -2.097948160145737404e+02 -3.107387184180554414e+02 -3.032846847186419268e+02 -3.850873850960218761e+02 -3.884013662063207448e+02 -3.145633209256918690e+02 -3.608717690252771035e+02 -2.699289428078261039e+02 -4.163102522000419299e+02 -8.867877064698923562e+00 -3.709988823231025634e+01 -2.331625380919432189e+01 2.952693002861017657e+00 1.210174361193389245e+02 -1.578830266515768983e+02
-2.008361162983895909e+01 -2.379072822698105583e+01 -8.868874211606865288e+00 -1.883971140627931007e+01 -1.681723709743391026e+01 -1.635326119665167255e+01 -1.510981095981817823e+01 -2.353955946837316660e+01 -2.008361162983895909e+01 -2.876318004527665195e+01 -2.354000954780843102e+01 -2.379072822698105583e+01 -1.759671143348516864e+01 -4.368603012893763804e+01 -1.510958615912417358e+01 -1.665721912898257528e+01 -1.856575850572335540e+01 -8.867877064698923562e+00 0.000000000000000000e+00 0.000000000000000000e+00 0.000000000000000000e+00 9.325876789763706265e-01 0.000000000000000000e+00 0.000000000000000000e+00
-6.028630953152837435e+01 -3.709988823231025634e+01 -3.709808779204256268e+01 -5.531160941205003212e+01 -4.433582962623569301e+01 -4.039367716507451433e+01 -4.536915047037161486e+01 -3.633895074749484877e+01 -6.028630953152837435e+01 -1.720288406396995384e+01 -4.628745158455512865e+01 -3.709988823231025634e+01 -5.034295141770559923e+01 -7.689428224137159873e+01 -5.034205169093483789e+01 -4.432089798061794284e+01 -4.628565236076564560e+01 -3.709988823231025634e+01 0.000000000000000000e+00 0.000000000000000000e+00 0.000000000000000000e+00 0.000000000000000000e+00 0.000000000000000000e+00 0.000000000000000000e+00
-2.270083038652247609e+01 -2.331625380919432189e+01 -2.331914832314405928e+01 -2.270038111606037390e+01 -2.526604144320079115e+01 -2.021225787050244094e+01 -2.767463159585383181e+01 -2.539611851461709691e+01 -2.270083038652247609e+01 -1.337154645910775486e+01 -2.041942300738588756e+01 -2.331625380919432189e+01 -2.269915834416943312e+01 -4.321345307819269266e+01 -2.269870907370733093e+01 -2.521883208520049280e+01 -2.539566896684179298e+01 -2.331625380919432189e+01 0.000000000000000000e+00 0.000000000000000000e+00 0.000000000000000000e+00 0.000000000000000000e+00 0.000000000000000000e+00 0.000000000000000000e+00
1.893427557539551165e+00 2.952693002861017657e+00 6.683055825379309312e+00 2.515068344860854399e+00 2.453182852366677658e+00 2.359825912023219452e+00 2.825987102328250788e+00 2.604737088009319024e+00 2.515124543119877210e+00 5.439605592374770815e+00 2.604793280524905441e+00 3.574361924933221690e+00 2.204290116747924966e+00 5.439605592374770815e+00 2.204233816410930746e+00 2.418612891007407839e+00 1.361286849261344578e+00 2.952693002861017657e+00 9.325876789763706265e-01 0.000000000000000000e+00 0.000000000000000000e+00 0.000000000000000000e+00 0.000000000000000000e+00 0.000000000000000000e+00
1.670787784529739213e+02 1.210174361193389245e+02 1.210102524740097607e+02 2.068486146485892050e+02 1.612992530531588216e+02 1.471768856606871338e+02 1.670787784529739213e+02 1.323860208998812880e+02 2.267474194409871586e+02 4.142943756171932534e+01 1.721800199336378228e+02 1.210174361193389245e+02 1.869739822423098587e+02 2.801646896565956126e+02 1.869703880786130128e+02 1.608686898971915298e+02 1.721728273529645037e+02 1.210174361193389245e+02 0.000000000000000000e+00 0.000000000000000000e+00 0.000000000000000000e+00 0.000000000000000000e+00 0.000000000000000000e+00 0.000000000000000000e+00
-1.127789248262578212e+02 -1.578830266515768983e+02 -1.578794257710415252e+02 -9.288192053539087567e+01 -8.856895384010090311e+01 -7.796746104068409977e+01 -8.294460670394431645e+01 -5.471859692890214433e+01 -1.127789248262578212e+02 -1.180890226293808922e+02 -7.461560097471581798e+01 -1.578830266515768983e+02 -9.289220859861228519e+01 -2.374566443623344298e+02 -9.289040914507074831e+01 -9.099969961153422560e+01 -7.461200446992833690e+01 -1.578830266515768983e+02 0.000000000000000000e+00 0.000000000000000000e+00 0.000000000000000000e+00 0.000000000000000000e+00 0.000000000000000000e+00 0.000000000000000000e+00
